0.004634757, -0.03625143, 1.0748188, -0.030215943, 0.009587424, 0.054498024, 0.9996617, -0.02263828, 0.00040753378, -0.012722435
0.0062699234, -0.032427534, 1.075348, -0.027465306, 0.021541012, 0.052018188, 0.99966854, -0.022296589, 0.0010277081, -0.0127534345
0.005996554, -0.03219032, 1.0758666, -0.027208649, 0.025902295, 0.05170918, 0.9996788, -0.021785097, 0.0016237706, -0.012769696
0.005726308, -0.031910237, 1.0763767, -0.026842369, 0.030115299, 0.050305713, 0.9996888, -0.021300096, 0.0021572877, -0.012726235
0.005580311, -0.031811845, 1.0788395, -0.026246686, 0.03411695, 0.059835166, 0.99969953, -0.020756206, 0.0025603739, -0.01270624
0.0064317887, -0.031000327, 1.0794309, -0.024402343, 0.038660087, 0.058470506, 0.9997111, -0.020141149, 0.0029358654, -0.012704017
0.006190869, -0.030594176, 1.0800111, -0.02378223, 0.042571325, 0.05756861, 0.99972296, -0.019504784, 0.0032604015, -0.012686818
-0.001494907, -0.024775397, 1.0805792, -0.03180348, 0.052606516, 0.056626383, 0.99973357, -0.018960565, 0.0031623812, -0.012696559
-0.0020245481, -0.024062619, 1.0804518, -0.030360682, 0.05921793, 0.04737613, 0.9997682, -0.017119512, 0.0031654544, -0.012588737
0.0007566458, -0.02748931, 1.0804534, -0.027130304, 0.055255372, 0.047400862, 0.99977, -0.016997235, 0.0032685467, -0.01258418
-0.0019146177, -0.025017163, 1.0809213, -0.029233769, 0.06074311, 0.046384424, 0.9997864, -0.016042512, 0.0031215446, -0.012575388
-0.0016826442, -0.022855226, 1.081375, -0.027997892, 0.065601416, 0.04451669, 0.9998025, -0.01498953, 0.003092301, -0.012604463
-0.0038169539, -0.018190134, 1.0818517, -0.029411428, 0.07327759, 0.042591885, 0.99981874, -0.013824133, 0.0029955988, -0.012662897
-0.002897935, -0.013836656, 1.0821596, -0.027428994, 0.08005137, 0.039738264, 0.9998329, -0.012670448, 0.0031624723, -0.012710727
-0.0045032683, -0.009152186, 1.0825425, -0.028326694, 0.08688881, 0.037205316, 0.999846, -0.011461165, 0.003348468, -0.012784457
-0.0030528489, -0.010318406, 1.0829023, -0.025687113, 0.086750716, 0.034522668, 0.99985975, -0.010025256, 0.003745189, -0.01280613
-0.0042379946, -0.008524407, 1.0832388, -0.02599899, 0.08971679, 0.03290575, 0.9998701, -0.008693041, 0.004217836, -0.012824151
-0.0045270943, -0.007352826, 1.0825825, -0.025212567, 0.09163252, 0.025483303, 0.99987847, -0.007334833, 0.0047587925, -0.012831831
-0.00555011, -0.0063100196, 1.0828273, -0.025155406, 0.093169555, 0.023497134, 0.99988455, -0.0058489228, 0.005353714, -0.01288557
-0.0044442867, -0.0026638287, 1.0830568, -0.022587823, 0.097345345, 0.022676382, 0.99988806, -0.0043963376, 0.0059714224, -0.012920029
-0.0057190293, 0.0011427037, 1.0832736, -0.022615908, 0.10135212, 0.020985855, 0.9998903, -0.0028354123, 0.0064571183, -0.012946677
-0.005938935, 0.0021588746, 1.0834745, -0.02136685, 0.101888455, 0.019187914, 0.99988985, -0.0011908822, 0.006916462, -0.013000989
-0.0046976213, 0.0059664855, 1.0830749, -0.018422322, 0.10519972, 0.01510443, 0.999888, 0.0003554352, 0.007186723, -0.013046831
-0.00452763, 0.004363575, 1.0832165, -0.016651955, 0.10217325, 0.012989873, 0.9998837, 0.0020192561, 0.0073470655, -0.013132203
-0.004687087, 0.005383266, 1.0833383, -0.01523964, 0.10177029, 0.011361124, 0.9998774, 0.0036000083, 0.0073786858, -0.013257385
-0.005029405, 0.0035858436, 1.08345, -0.01402133, 0.09794686, 0.010714168, 0.999869, 0.0052455105, 0.0073082284, -0.013381914
-0.005164356, 0.0049709105, 1.0821315, -0.0126344655, 0.0973263, 0.0020276492, 0.99985814, 0.0068924227, 0.007197877, -0.013507153
-0.004864835, 0.029365383, 1.0821395, -0.0108534815, 0.12168598, 0.00093845313, 0.99985135, 0.007773694, 0.007010439, -0.013627908
-0.005027426, 0.033805937, 1.0821418, -0.009589654, 0.1237015, -0.0002801365, 0.99983776, 0.009311916, 0.0068616727, -0.013734377
-0.005116757, 0.03503378, 1.0821359, -0.008276663, 0.12186925, -0.0008939259, 0.9998229, 0.0107729575, 0.006657086, -0.0138469
-0.0050534857, 0.033069413, 1.0832324, -0.0068340143, 0.11631707, 0.00439717, 0.99980503, 0.012304892, 0.006457582, -0.01395494
-0.0047319494, 0.03372449, 1.0832765, -0.005183209, 0.11334746, 0.0043843123, 0.99978554, 0.013753643, 0.0063763834, -0.014040302
-0.004167064, 0.03681847, 1.0833164, -0.0033221517, 0.112791084, 0.003712001, 0.99976116, 0.015291136, 0.0064907945, -0.014129904
-0.0034776437, 0.036299605, 1.0833523, -0.0013176263, 0.10802254, 0.0033797931, 0.9997287, 0.017192388, 0.0066498294, -0.014171377
-0.002593699, 0.038403783, 1.0833888, 0.000905173, 0.10572936, 0.004007128, 0.99968904, 0.019283108, 0.006846534, -0.014183143
-0.0018018781, 0.04596036, 1.0840572, 0.003017313, 0.108948104, 0.0069436026, 0.999646, 0.021299219, 0.007105009, -0.014203035
-0.0016431402, 0.04202299, 1.0841299, 0.004501455, 0.09935638, 0.007403162, 0.99958867, 0.02377327, 0.007311291, -0.01420695
-0.0010792707, 0.038606137, 1.0842069, 0.0064351107, 0.089951344, 0.007850971, 0.9995269, 0.0262097, 0.007475506, -0.014181026
-0.0009173413, 0.04475967, 1.0842793, 0.007898702, 0.09048263, 0.0067216763, 0.99947155, 0.028193647, 0.0076781376, -0.014167815
-0.0011789607, 0.05131398, 1.086893, 0.008972657, 0.09093127, 0.019961787, 0.99942034, 0.029973445, 0.0077142296, -0.014111303
-0.0017251967, 0.050098877, 1.0870857, 0.009707415, 0.082882725, 0.01853265, 0.99936944, 0.031699993, 0.007587903, -0.014009427
-0.001994269, 0.055637166, 1.087272, 0.01070736, 0.081649415, 0.01869172, 0.999331, 0.03294398, 0.0073751407, -0.013993185
-0.0018804402, 0.05642137, 1.0874562, 0.012058219, 0.07519298, 0.018126449, 0.9992929, 0.034098316, 0.007262043, -0.014008598
-0.0020214382, 0.05706801, 1.0866557, 0.013196954, 0.067799814, 0.011231558, 0.999259, 0.03510753, 0.007163062, -0.01398638
-0.0018829538, 0.057711627, 1.0867649, 0.014500338, 0.060924973, 0.010591762, 0.9992291, 0.035974402, 0.0071021244, -0.013955623
-0.0018085185, 0.057696294, 1.0868633, 0.015699584, 0.053324353, 0.009094092, 0.9991971, 0.03689465, 0.0069646146, -0.013904422
-0.001645203, 0.0581933, 1.0869526, 0.016964095, 0.046077784, 0.008743328, 0.99916154, 0.037865993, 0.0069522597, -0.013858173
-0.001469305, 0.05861712, 1.0870352, 0.018215615, 0.03868837, 0.0077750767, 0.9991193, 0.038962126, 0.0070029222, -0.013839928
0.002688172, 0.06682187, 1.0862794, 0.023593256, 0.039349176, 0.0022896263, 0.99907833, 0.03997145, 0.007314426, -0.013757943
0.0043441667, 0.06882749, 1.086298, 0.026382657, 0.033266284, 0.0013915821, 0.99902374, 0.04130528, 0.007568961, -0.013645204
0.005903772, 0.070747815, 1.0863104, 0.029094627, 0.026848994, 0.0010155881, 0.99896634, 0.04262244, 0.008065237, -0.013511094
0.007614169, 0.06977504, 1.0863191, 0.032035638, 0.017211733, 0.00085509085, 0.9989043, 0.04398613, 0.0085923355, -0.013404051
0.0090417275, 0.068787836, 1.0861977, 0.034727447, 0.007521355, -0.0013067173, 0.9988395, 0.045369, 0.009110647, -0.0132779945
0.006979102, 0.07448116, 1.0861816, 0.033873018, 0.004524489, -0.0024518583, 0.99878275, 0.046545777, 0.009531805, -0.013175721
0.007326584, 0.0744806, 1.0861557, 0.03562487, -0.0046350653, -0.0027610133, 0.9987202, 0.047823306, 0.009877732, -0.013087356
0.007691889, 0.074387304, 1.0861254, 0.037437413, -0.014022531, -0.0033274454, 0.9986603, 0.049027923, 0.010130064, -0.013009274
0.0075561693, 0.07482123, 1.0868057, 0.03876039, -0.023037398, -0.00020352461, 0.9986051, 0.05013465, 0.010250816, -0.012936084
0.010496985, 0.071994334, 1.0867969, 0.043244883, -0.035440803, -0.0012481913, 0.9985517, 0.05118132, 0.010351913, -0.012874569
0.010938931, 0.07158964, 1.0867819, 0.045144513, -0.04549684, -0.0017670153, 0.9985039, 0.052109677, 0.010355519, -0.012858546
0.011399817, 0.07108375, 1.0867591, 0.04703254, -0.05568053, -0.0028087469, 0.9984573, 0.052999847, 0.010335789, -0.012854528
0.0118795475, 0.070475176, 1.0867256, 0.048912685, -0.06603198, -0.0039185276, 0.99840945, 0.05387496, 0.010399075, -0.012884628
0.012268821, 0.06985689, 1.0876123, 0.05073541, -0.07676742, 0.0021294928, 0.99836123, 0.054729562, 0.010522358, -0.0129142925
0.012785697, 0.069035985, 1.087626, 0.052639384, -0.08741199, 0.0005942182, 0.9983164, 0.05549352, 0.010779511, -0.012911805
0.013321872, 0.068107784, 1.0876251, 0.05459589, -0.09822627, -0.00076928944, 0.9982767, 0.05612181, 0.011248856, -0.012862657
0.0113544, 0.06737355, 1.0876114, 0.05409117, -0.10885524, -0.0022016338, 0.99824077, 0.056680426, 0.011650807, -0.012845334
0.011788545, 0.06642381, 1.0885091, 0.056081764, -0.11970904, 0.0008385771, 0.9982104, 0.057102155, 0.012222545, -0.0128078405
0.01236058, 0.06517082, 1.0885127, 0.058326274, -0.13088796, -0.00013775482, 0.99818116, 0.057479165, 0.012890825, -0.012740907
0.012955558, 0.06380639, 1.0885001, 0.060669195, -0.14199527, -0.0023800756, 0.99815345, 0.057799865, 0.013683321, -0.012634404
0.013574977, 0.062329467, 1.0884746, 0.063218236, -0.15338878, -0.0027295337, 0.9981267, 0.05806463, 0.0145971775, -0.012513677
0.009530522, 0.06280903, 1.0884463, 0.061235115, -0.16268969, -0.0037750814, 0.99810433, 0.05825344, 0.0154698575, -0.01236686
0.009065147, 0.055444203, 1.0878371, 0.063034005, -0.17971173, -0.0080004195, 0.9980666, 0.058644224, 0.016488876, -0.012247642
0.008940244, 0.055733513, 1.0877534, 0.06533883, -0.18904778, -0.0091651, 0.9980371, 0.05887382, 0.017518936, -0.012119207
0.012596165, 0.052397255, 1.0876507, 0.07156419, -0.2018723, -0.010930046, 0.9979982, 0.059185766, 0.018718619, -0.012012386
0.013329359, 0.05032062, 1.0875355, 0.07507608, -0.21345279, -0.012126074, 0.99796116, 0.05945503, 0.019873092, -0.01190511
0.017527608, 0.04662374, 1.0857242, 0.082229465, -0.22655994, -0.021648072, 0.9979133, 0.05979828, 0.021257825, -0.011802224
0.018194497, 0.047688648, 1.0855023, 0.08603211, -0.23484878, -0.023424493, 0.997879, 0.05992435, 0.022536458, -0.011689964
0.022602428, 0.045441005, 1.085261, 0.09376499, -0.24642286, -0.024623105, 0.99783725, 0.06008276, 0.02398202, -0.011565105
0.027061002, 0.043837376, 1.0850123, 0.101785265, -0.25738052, -0.025026452, 0.99780005, 0.06010822, 0.025485033, -0.011424828
0.030859292, 0.034533307, 1.0837307, 0.1094188, -0.2758506, -0.030236965, 0.9977566, 0.06020314, 0.026979392, -0.011291682
0.02374399, 0.036777377, 1.0834073, 0.10695195, -0.2837604, -0.030179836, 0.9977398, 0.059940554, 0.028228832, -0.011116067
0.026945239, 0.031722736, 1.0830971, 0.11440569, -0.2976514, -0.031171681, 0.9977064, 0.05988984, 0.029516347, -0.0110372845
0.02811798, 0.02868636, 1.0827886, 0.12014663, -0.3096227, -0.030530026, 0.99767834, 0.0597752, 0.030685388, -0.011014032
0.026370361, 0.03090902, 1.0825013, 0.12325647, -0.316434, -0.028954817, 0.99766284, 0.059562664, 0.03157446, -0.011055382
0.008821927, 0.018806495, 1.081728, 0.11105727, -0.3369206, -0.03175046, 0.99764544, 0.059697527, 0.03188581, -0.011007536
0.0063866284, 0.007182135, 1.0813986, 0.11372297, -0.35668167, -0.032534335, 0.9976177, 0.059787985, 0.032566883, -0.011030629
0.0075557493, 0.0035551977, 1.0810791, 0.12010199, -0.3687056, -0.031374674, 0.99760693, 0.059577703, 0.033247754, -0.011110261
0.0072078216, 0.003928459, 1.0807831, 0.12513451, -0.37680107, -0.02928049, 0.9976028, 0.059151758, 0.034087297, -0.011214274
0.0039759567, -0.0015327372, 1.0822008, 0.12734535, -0.3901216, -0.020456864, 0.997591, 0.058734912, 0.03509187, -0.01135344
0.0063341786, -0.0037221597, 1.0819968, 0.13514538, -0.40006068, -0.020712683, 0.9975683, 0.05819393, 0.0365638, -0.011493999
0.010327847, -0.016374888, 1.0817759, 0.14477159, -0.41993606, -0.020837817, 0.9975196, 0.057727233, 0.038550135, -0.011581071
0.016337143, -0.017478542, 1.0815629, 0.156498, -0.42822304, -0.022214262, 0.9974691, 0.05679618, 0.041137375, -0.011628596
0.022852175, -0.018531023, 1.0815651, 0.16928425, -0.43644765, -0.020319367, 0.997397, 0.055759754, 0.044189, -0.011633879
0.025660554, -0.02680704, 1.0813574, 0.17895305, -0.45129398, -0.02021491, 0.9972975, 0.054879833, 0.047427285, -0.011596093
0.027898733, -0.038497552, 1.0811436, 0.1885931, -0.46906382, -0.02054932, 0.99717975, 0.054059874, 0.05074958, -0.011517365
0.032456104, -0.039477702, 1.0809436, 0.2010473, -0.4762854, -0.020279486, 0.9970696, 0.05294163, 0.05399813, -0.011468964
0.035042536, -0.044399936, 1.080743, 0.21218517, -0.48703927, -0.01974876, 0.9969675, 0.05196062, 0.056778196, -0.011406473
0.037012804, -0.047926396, 1.082984, 0.22323422, -0.49617693, -0.005582686, 0.9968897, 0.050929677, 0.059029683, -0.011428613
0.032080367, -0.056289528, 1.0829352, 0.22806802, -0.50972235, -0.0044284756, 0.9968322, 0.05014984, 0.060653664, -0.011389002
0.035957612, -0.07190681, 1.0828724, 0.24142814, -0.52975315, -0.0047928896, 0.99678254, 0.049536, 0.061964594, -0.011363779
0.035449617, -0.072752066, 1.0828367, 0.2507774, -0.5354458, -0.004430768, 0.9967927, 0.048505075, 0.062608324, -0.011392543
0.03830612, -0.07654692, 1.0834924, 0.26347256, -0.5437511, 0.00046786104, 0.99681884, 0.047498576, 0.06294162, -0.0115100695
0.048106115, -0.076930456, 1.0834965, 0.28252196, -0.54841846, 0.00020121799, 0.99684006, 0.04637229, 0.06341392, -0.011670491
0.047463197, -0.08366302, 1.0834986, 0.2915907, -0.55886734, -6.5398846e-5, 0.9968821, 0.045196835, 0.06358807, -0.011744118
0.047660194, -0.089863285, 1.0834994, 0.30142835, -0.5684944, -0.00015995835, 0.9969166, 0.043936465, 0.06391827, -0.011806176
0.04802447, -0.09943734, 1.0834906, 0.31133094, -0.58092314, -0.00090462883, 0.996939, 0.042657036, 0.064427525, -0.011836491
0.052773315, -0.0954215, 1.0823792, 0.32537827, -0.5801842, -0.00748021, 0.9969581, 0.04098711, 0.06520874, -0.011849373
0.057960264, -0.101637006, 1.0822986, 0.3398761, -0.588739, -0.008129534, 0.99695826, 0.039568145, 0.066072546, -0.011875523
0.05922238, -0.12994576, 1.0821888, 0.35089034, -0.617862, -0.008047715, 0.9969222, 0.03874996, 0.067117155, -0.011740728
0.06279715, -0.13616344, 1.0821075, 0.36406496, -0.6256733, -0.008236067, 0.99688864, 0.03754354, 0.068295546, -0.011718183
0.064379744, -0.13595457, 1.081879, 0.37527534, -0.62704533, -0.010470346, 0.9968589, 0.036260363, 0.06941441, -0.011710658
0.06591855, -0.134844, 1.0817839, 0.38671198, -0.62737936, -0.010849624, 0.996832, 0.034953713, 0.07046652, -0.011688032
0.07390177, -0.15109514, 1.0816511, 0.4042542, -0.6437167, -0.012077309, 0.99678344, 0.033864494, 0.07169499, -0.011567783
0.08105311, -0.16275829, 1.0815158, 0.421179, -0.65542376, -0.012587347, 0.99674964, 0.032432843, 0.07283591, -0.011455459
0.08470522, -0.16824827, 1.0836766, 0.43483287, -0.66080314, -8.2885825e-5, 0.99675596, 0.030529905, 0.073572166, -0.01142808
0.08912798, -0.194211, 1.0836493, 0.4503124, -0.6850738, -0.0009956649, 0.9967718, 0.028905308, 0.07404044, -0.011245275
0.09297266, -0.20086372, 1.0836322, 0.46397924, -0.69066226, -0.0026526928, 0.996824, 0.02688085, 0.07410577, -0.011202928
0.09665943, -0.19238858, 1.0836314, 0.47760704, -0.6817383, -0.0023486863, 0.9968997, 0.024339423, 0.073962644, -0.0112306345
0.095834404, -0.20464648, 1.0836179, 0.4871862, -0.6918779, -0.0004897031, 0.99698156, 0.022146862, 0.07356383, -0.011119101
0.102839835, -0.21445812, 1.080114, 0.50387204, -0.6994451, -0.019732114, 0.99704736, 0.019813852, 0.073374294, -0.010870256
0.105320446, -0.22209083, 1.0799124, 0.51570183, -0.7040567, -0.02108185, 0.997134, 0.017098974, 0.072895944, -0.010754342
0.10804542, -0.22554277, 1.0797147, 0.5278777, -0.7042657, -0.020101659, 0.99721307, 0.01417399, 0.07245588, -0.010648019
0.11777254, -0.23283324, 1.0794976, 0.5460174, -0.7073991, -0.021766605, 0.99726665, 0.011213295, 0.072256304, -0.010512128
0.11466859, -0.23092107, 1.0757012, 0.55223763, -0.7017347, -0.04334352, 0.99732304, 0.008193457, 0.07193768, -0.010127603
0.121245906, -0.2424825, 1.0752656, 0.56749517, -0.707723, -0.042565294, 0.997359, 0.005414502, 0.0717277, -0.009945493
0.12447875, -0.24379973, 1.0748521, 0.57936233, -0.7035895, -0.042164147, 0.99738395, 0.0024878867, 0.071555965, -0.009840797
0.12765422, -0.24619658, 1.0744362, 0.5908618, -0.6999179, -0.043037154, 0.99739736, -0.00021192107, 0.07142455, -0.009748485
0.13038215, -0.25638968, 1.0740094, 0.60202765, -0.70297873, -0.042737424, 0.9974089, -0.0024511514, 0.07123397, -0.009651857
0.13257541, -0.25292102, 1.0757517, 0.6125121, -0.69269687, -0.029319087, 0.99742573, -0.0048913844, 0.070855096, -0.009770845
0.13466763, -0.26156536, 1.0754666, 0.62284267, -0.6934584, -0.02856525, 0.9974344, -0.006665115, 0.07059666, -0.009713187
0.13684309, -0.26739833, 1.0751942, 0.633148, -0.691251, -0.027436767, 0.99745053, -0.008204443, 0.07020906, -0.009688247
0.13875724, -0.27731675, 1.0749398, 0.64332074, -0.6925074, -0.02445343, 0.99746877, -0.009414765, 0.06979937, -0.009665492
0.15254985, -0.27798992, 1.0705435, 0.6644674, -0.68528455, -0.045275565, 0.99745363, -0.010556382, 0.069872625, -0.0095209805
0.15107787, -0.28094763, 1.0701123, 0.6709309, -0.6797237, -0.043762054, 0.9974745, -0.011722042, 0.06938658, -0.009528227
0.15687476, -0.28697494, 1.0696863, 0.6840153, -0.6767934, -0.041948397, 0.9974756, -0.012824797, 0.06917091, -0.009554742
0.17659009, -0.2935082, 1.0692569, 0.7098834, -0.6740942, -0.039487433, 0.9974471, -0.014117962, 0.069319606, -0.009634622
0.18237314, -0.30242124, 1.068145, 0.7226226, -0.67350405, -0.041469432, 0.9974413, -0.0153867155, 0.06912673, -0.009672324
0.18422025, -0.30382323, 1.067751, 0.7315511, -0.6656371, -0.039431747, 0.9974366, -0.017007548, 0.06880666, -0.009728051
0.18528351, -0.3084523, 1.0673864, 0.73985356, -0.6604355, -0.035743613, 0.9974349, -0.018670473, 0.06839528, -0.009754377
0.19576506, -0.30991164, 1.0670478, 0.7567603, -0.65197855, -0.031463273, 0.9974237, -0.020503564, 0.068016805, -0.009863433
0.20213124, -0.3179171, 1.0667529, 0.7695487, -0.6493222, -0.02784514, 0.9974349, -0.022256097, 0.06728972, -0.009919418
0.2138147, -0.31928578, 1.0678502, 0.7867608, -0.6401475, -0.017247071, 0.99744695, -0.024206256, 0.06640357, -0.010108807
0.22162394, -0.32747132, 1.0676923, 0.8002063, -0.6370363, -0.014191192, 0.99748296, -0.026006298, 0.06516535, -0.010149931
0.22888014, -0.33275935, 1.0675715, 0.81289345, -0.6308425, -0.010363622, 0.9975289, -0.02776209, 0.06371508, -0.01019091
0.23237285, -0.34176177, 1.0674946, 0.8216805, -0.6277924, -0.0066261655, 0.99759215, -0.02930632, 0.062008824, -0.010196433
0.24226293, -0.3409605, 1.066891, 0.8359337, -0.6154453, -0.006409993, 0.9976404, -0.030973678, 0.060392525, -0.010251044
0.24826205, -0.34382278, 1.0668515, 0.8461753, -0.6061888, -0.0022763545, 0.9977052, -0.032471307, 0.058499843, -0.010279546
0.2607604, -0.34697977, 1.0668383, 0.86183023, -0.5970322, 0.0008935201, 0.99776304, -0.033902712, 0.056662057, -0.010340368
0.26745358, -0.35026357, 1.0668732, 0.87196684, -0.58656883, 0.004461806, 0.99783343, -0.03547296, 0.054408297, -0.010386843
0.27008745, -0.35252705, 1.0654769, 0.8777866, -0.5760967, 0.00050790876, 0.9978879, -0.036962934, 0.05239215, -0.010322147
0.29254553, -0.3557221, 1.0654793, 0.9011481, -0.5662944, 0.003913004, 0.99791515, -0.038470678, 0.05075328, -0.010370355
0.2877144, -0.36169428, 1.0655565, 0.89870375, -0.5589166, 0.006982283, 0.99797606, -0.03993166, 0.048381135, -0.010317289
0.2964668, -0.35819945, 1.0656468, 0.9084555, -0.5424392, 0.011217703, 0.9980041, -0.04159852, 0.046344098, -0.010373628
0.30140886, -0.35816887, 1.065791, 0.9142459, -0.528912, 0.016184332, 0.99803805, -0.043111734, 0.04417942, -0.010375636
0.3035386, -0.36757827, 1.0640147, 0.91707313, -0.52410686, 0.0074920985, 0.9980808, -0.044320114, 0.042010166, -0.010181824
0.32180667, -0.36504015, 1.0640855, 0.9340068, -0.5080841, 0.009701929, 0.9980882, -0.04582238, 0.04017296, -0.010222333
0.3228866, -0.365754, 1.0642074, 0.93453074, -0.49491543, 0.012239723, 0.99811953, -0.047144048, 0.037801217, -0.010195921
0.32083556, -0.36966875, 1.0643569, 0.9315893, -0.4846796, 0.013570462, 0.9981563, -0.048299897, 0.035309244, -0.010116741
0.33578846, -0.37181956, 1.0662152, 0.9436264, -0.47272822, 0.024527041, 0.9981694, -0.049495403, 0.033211365, -0.010152214
0.34119976, -0.3733951, 1.0664823, 0.9467382, -0.45981586, 0.028053349, 0.9981831, -0.050615042, 0.031056054, -0.010107325
0.340392, -0.3813905, 1.0667948, 0.9435908, -0.45280576, 0.031014338, 0.9982059, -0.05147894, 0.028847747, -0.010033545
0.35656792, -0.3803107, 1.0671074, 0.95579165, -0.43720126, 0.03435412, 0.9981967, -0.052561093, 0.027165527, -0.010036047
0.36017784, -0.38213766, 1.0674723, 0.9558376, -0.42432454, 0.03686362, 0.99819493, -0.053525116, 0.025308883, -0.009975233
0.36416954, -0.3878743, 1.069524, 0.95544654, -0.41543522, 0.045814052, 0.9981918, -0.05437487, 0.02357292, -0.0099420585
0.38171816, -0.38654262, 1.0699717, 0.96762806, -0.39964405, 0.046355415, 0.9981596, -0.05546662, 0.022365363, -0.00993645
0.3861686, -0.3849301, 1.0704442, 0.96731746, -0.38347805, 0.047449008, 0.9981239, -0.056651473, 0.020940155, -0.009937327
0.38772744, -0.38311097, 1.0709308, 0.9640326, -0.36705798, 0.04832209, 0.998084, -0.057866592, 0.019481363, -0.009911727
0.40541413, -0.39077926, 1.0708593, 0.97550577, -0.35947162, 0.044510853, 0.99804205, -0.05892942, 0.018506346, -0.009741571
0.40956473, -0.388863, 1.0713016, 0.97400206, -0.34295344, 0.043406077, 0.9979856, -0.060288146, 0.017164966, -0.009669605
0.4140018, -0.39337397, 1.071748, 0.97258765, -0.33204213, 0.04434913, 0.99793684, -0.061512277, 0.015684303, -0.009502036
0.42105383, -0.38841918, 1.0721779, 0.9732417, -0.3125179, 0.042535134, 0.9978677, -0.06299341, 0.014193365, -0.009401171
0.427629, -0.39651, 1.0731294, 0.97309554, -0.30506566, 0.04368588, 0.99781895, -0.064136826, 0.012558174, -0.009172803
0.44027698, -0.39535558, 1.0735544, 0.97836626, -0.28871033, 0.04255454, 0.9977544, -0.065448865, 0.010951952, -0.00897923
0.44339895, -0.39435464, 1.0739818, 0.97442544, -0.272292, 0.042237468, 0.9976956, -0.06665853, 0.008995125, -0.008787998
0.44965044, -0.39678308, 1.0744076, 0.9730535, -0.2589434, 0.04215362, 0.9976396, -0.067740194, 0.0071377372, -0.008574038
0.45644832, -0.3992399, 1.0748333, 0.9718391, -0.24550404, 0.042233683, 0.99758375, -0.06874424, 0.0053282552, -0.008396871
0.4636052, -0.39919585, 1.0759246, 0.970527, -0.22989231, 0.044871505, 0.99751866, -0.06980703, 0.0036555175, -0.008255375
0.47104463, -0.4021913, 1.0763717, 0.9692394, -0.21694943, 0.043948006, 0.9974595, -0.07073117, 0.0020871982, -0.008083574
0.49144623, -0.40206182, 1.0767895, 0.9797453, -0.201131, 0.04215252, 0.9973934, -0.07170075, 0.00092120154, -0.007907571
0.49301308, -0.401649, 1.0772095, 0.97235286, -0.18496366, 0.040770452, 0.9973199, -0.07273335, -0.0006137805, -0.007780629
0.50014704, -0.40598303, 1.0815419, 0.96860266, -0.17263585, 0.058923844, 0.99725, -0.07366543, -0.002212937, -0.0076788
0.5217033, -0.4024356, 1.0821021, 0.9793915, -0.15360458, 0.05603298, 0.99715906, -0.0748799, -0.0029319166, -0.0074970187
0.5210388, -0.40469396, 1.0826601, 0.96915203, -0.13990931, 0.05359783, 0.9970717, -0.075983934, -0.0041885884, -0.007418351
0.52618164, -0.40347868, 1.0831845, 0.9641977, -0.122852094, 0.0511786, 0.9969685, -0.07726275, -0.005377598, -0.007302014
0.5342987, -0.40571794, 1.0851424, 0.9617245, -0.10936059, 0.056220993, 0.9968606, -0.07856061, -0.006655836, -0.00713125
0.54789364, -0.40121216, 1.085679, 0.9642967, -0.08911994, 0.05291192, 0.99672616, -0.08014868, -0.007950773, -0.0069248555
0.54858446, -0.40599573, 1.0862036, 0.9544921, -0.07752382, 0.049567025, 0.99659747, -0.081554584, -0.009744581, -0.006737205
0.5581206, -0.40669316, 1.0866805, 0.9527483, -0.061980084, 0.045774546, 0.99646455, -0.08296149, -0.011431832, -0.0065593366
0.5863556, -0.40321743, 1.087096, 0.9682723, -0.04241999, 0.041635573, 0.9963292, -0.08440247, -0.012750202, -0.0063142
0.58712053, -0.40664312, 1.0888847, 0.9575071, -0.02959104, 0.04539751, 0.9962109, -0.085448876, -0.014896241, -0.006198493
0.5911108, -0.40987045, 1.0893266, 0.94954133, -0.016146947, 0.041483257, 0.9960959, -0.08645013, -0.016767351, -0.0060135718
0.61072326, -0.40732235, 1.0897111, 0.9559831, 0.0027981082, 0.03741403, 0.9959793, -0.08752441, -0.018149843, -0.0057734433
0.6058056, -0.40497026, 1.0900662, 0.9390604, 0.021456506, 0.032515336, 0.99585354, -0.0885151, -0.020164182, -0.0056828205
0.60371715, -0.4027911, 1.0911584, 0.92453796, 0.039855592, 0.032045987, 0.9957244, -0.08950272, -0.022109728, -0.0056057577
0.63248235, -0.4001811, 1.0914464, 0.9388267, 0.058873214, 0.02777031, 0.995603, -0.09055741, -0.02332333, -0.005294706
0.6397131, -0.40334412, 1.0917093, 0.9324955, 0.07243187, 0.023276897, 0.9954804, -0.09144922, -0.025049511, -0.0051255045
0.6352753, -0.40075305, 1.0919213, 0.91492087, 0.091444165, 0.018389177, 0.99532044, -0.09261006, -0.027069522, -0.0050871703
0.6550075, -0.3980074, 1.0922947, 0.91986066, 0.1106456, 0.015102576, 0.9951746, -0.0937874, -0.028385876, -0.0048726443
0.6641796, -0.3968119, 1.0924224, 0.9145765, 0.128436, 0.010368937, 0.9950192, -0.09492486, -0.030026572, -0.004732625
0.67466563, -0.39457396, 1.0925001, 0.91027504, 0.14723712, 0.005580289, 0.9948649, -0.095983654, -0.031746224, -0.0046096495
0.6942235, -0.39253223, 1.0925246, 0.9142704, 0.16576912, 0.00019013541, 0.9947227, -0.09697998, -0.03316494, -0.0044431
0.6889694, -0.39413396, 1.0925115, 0.8946071, 0.18084532, -0.0055019283, 0.99457103, -0.09777856, -0.035294637, -0.0044860668
0.69932425, -0.3907331, 1.0944427, 0.8893213, 0.20049487, 0.0017572168, 0.99443537, -0.09848883, -0.037089974, -0.0045344816
0.7092745, -0.3871618, 1.0944355, 0.8833816, 0.22067663, -0.00265626, 0.9943018, -0.09910221, -0.03899797, -0.004453564
0.70947295, -0.38105673, 1.0943818, 0.8679134, 0.24327002, -0.0070335916, 0.994153, -0.09967826, -0.041255638, -0.004473769
0.71246517, -0.3785342, 1.0942886, 0.85485065, 0.26224518, -0.01189504, 0.9940164, -0.10005967, -0.04355988, -0.0044764285
0.7339688, -0.37631425, 1.0950791, 0.8589095, 0.2806794, -0.010662284, 0.9939187, -0.10018375, -0.045472942, -0.0043564704
0.731484, -0.3746333, 1.094952, 0.8399432, 0.29865834, -0.015414898, 0.9937993, -0.100205585, -0.047955707, -0.0044756727
0.7387681, -0.37048623, 1.0947698, 0.8299453, 0.31871274, -0.020686923, 0.9937031, -0.10015027, -0.05002149, -0.004464881
0.7435914, -0.3698468, 1.0945456, 0.81728816, 0.33532426, -0.025365502, 0.9936376, -0.099825926, -0.051926706, -0.004549151
0.74626285, -0.3665609, 1.0942676, 0.8023685, 0.35421857, -0.030290853, 0.99358624, -0.09939408, -0.053695936, -0.0046838564
0.7499584, -0.36111352, 1.0959411, 0.78844047, 0.37417418, -0.024731273, 0.99355906, -0.098820165, -0.05521, -0.004983429
0.75685066, -0.36404628, 1.0956839, 0.77714396, 0.3866235, -0.02921515, 0.9935649, -0.09807953, -0.056399763, -0.005127796
0.7584955, -0.35852543, 1.0953633, 0.7607638, 0.40688393, -0.034052175, 0.9935527, -0.09752311, -0.057549756, -0.0053253174
0.76394427, -0.3527545, 1.0949938, 0.7479345, 0.42704296, -0.03897075, 0.9935608, -0.09696458, -0.058334306, -0.0054712254
0.7692943, -0.35271272, 1.0920945, 0.73462564, 0.44238016, -0.0570664, 0.9935774, -0.09643727, -0.05892841, -0.0054121874
0.7764095, -0.34670338, 1.0914966, 0.7233534, 0.46221557, -0.061951343, 0.9936169, -0.095864326, -0.059192706, -0.0054669976
0.79031026, -0.33726415, 1.0907793, 0.716753, 0.4863757, -0.06720043, 0.9936608, -0.09547308, -0.05908547, -0.005474553
0.7948512, -0.33419603, 1.0900854, 0.7032236, 0.5027609, -0.072258495, 0.9937037, -0.09497788, -0.05914905, -0.005617602
0.7990841, -0.32557884, 1.0893198, 0.68932074, 0.524505, -0.076014996, 0.99373627, -0.09462766, -0.0591504, -0.0057441886
0.80637324, -0.31737444, 1.0885364, 0.6784466, 0.54555476, -0.07960687, 0.9937763, -0.094212815, -0.059137877, -0.005769631
0.80396026, -0.31915516, 1.0877353, 0.65849715, 0.5568558, -0.08293335, 0.9938384, -0.09334365, -0.05945942, -0.005898389
0.8133475, -0.30366257, 1.0868721, 0.6496533, 0.5845875, -0.08525779, 0.99388945, -0.0926897, -0.059638515, -0.0058012847
0.81594205, -0.30117285, 1.0860219, 0.634318, 0.5997273, -0.08612634, 0.9939785, -0.091363676, -0.060198143, -0.005798909
0.82079333, -0.2958967, 1.0815243, 0.62040055, 0.6185746, -0.10750186, 0.99404913, -0.09012732, -0.06091239, -0.005571496
0.82925117, -0.28571403, 1.0804342, 0.610701, 0.64008945, -0.109104075, 0.99415904, -0.08851318, -0.06149323, -0.00545128
0.834572, -0.27920267, 1.0793438, 0.5977753, 0.65791607, -0.1088346, 0.99428517, -0.08657308, -0.062218256, -0.0053855428
0.836957, -0.27930203, 1.0782756, 0.58200693, 0.66895217, -0.107741356, 0.99443036, -0.08429902, -0.06301299, -0.005415515
0.83987135, -0.26478627, 1.0766336, 0.56658065, 0.69367117, -0.11022448, 0.99455714, -0.08222338, -0.063756555, -0.005348602
0.8373296, -0.26803803, 1.0755455, 0.5462964, 0.70028585, -0.110392936, 0.99472076, -0.079603374, -0.0645175, -0.005418259
0.8440189, -0.25991812, 1.074439, 0.53480124, 0.7171623, -0.110476516, 0.9948821, -0.07723956, -0.064909145, -0.0053313915
0.84533834, -0.24281336, 1.07331, 0.51797694, 0.74233824, -0.109629184, 0.9950252, -0.07505887, -0.06528274, -0.005209845
0.8469568, -0.24952757, 1.0722603, 0.50154585, 0.7439509, -0.107415356, 0.9952195, -0.07226147, -0.06547882, -0.005192745
0.8556398, -0.23797068, 1.0718203, 0.49196944, 0.7623047, -0.101498, 0.99539655, -0.069965236, -0.06529351, -0.005041602
0.85554355, -0.22999224, 1.0708166, 0.47388974, 0.77707857, -0.09823492, 0.99556834, -0.06762254, -0.06514215, -0.0050461725
0.8589049, -0.23036918, 1.0698683, 0.4593743, 0.7830805, -0.09481307, 0.99576503, -0.06506882, -0.06473659, -0.0050277105
0.8685649, -0.20951091, 1.0689093, 0.45096713, 0.808998, -0.09158702, 0.99593365, -0.06317096, -0.06403305, -0.004840641
0.868247, -0.21308568, 1.0649345, 0.4325374, 0.81225353, -0.105350256, 0.99609894, -0.060888585, -0.0636663, -0.004912943
0.8746828, -0.20427325, 1.0639013, 0.42153826, 0.82544917, -0.10136838, 0.9962698, -0.05873471, -0.063016795, -0.0048588673
0.87498534, -0.18971951, 1.0628884, 0.4048903, 0.8437058, -0.09776556, 0.9964087, -0.05676524, -0.06262512, -0.0048569855
0.8750435, -0.17825425, 1.0619205, 0.38818604, 0.8584558, -0.09346147, 0.996544, -0.054667994, -0.06233596, -0.0048637646
0.87406343, -0.17307582, 1.0589385, 0.37037218, 0.8674115, -0.102506354, 0.996662, -0.052576296, -0.06224141, -0.0049506607
0.88201416, -0.1616331, 1.0579342, 0.36167145, 0.88091123, -0.09813799, 0.9967874, -0.050417125, -0.062027503, -0.004850443
0.87473685, -0.16008823, 1.0569745, 0.33858982, 0.88437384, -0.09438855, 0.99688286, -0.04799174, -0.06239928, -0.005068583
0.87644297, -0.15561877, 1.0560626, 0.32415703, 0.8901006, -0.08955448, 0.9969861, -0.04548363, -0.06261927, -0.0051866747
0.8783361, -0.13661379, 1.0551579, 0.31002182, 0.9093464, -0.08600134, 0.9970729, -0.043232635, -0.06283046, -0.0051915087
0.88287926, -0.13636203, 1.0525644, 0.29808852, 0.9105616, -0.09191088, 0.99717844, -0.04041691, -0.06301989, -0.0052978764
0.8825429, -0.124132365, 1.051655, 0.28199804, 0.92200226, -0.08807272, 0.9972771, -0.037678417, -0.063149795, -0.005379069
0.88274455, -0.118132584, 1.050803, 0.2664548, 0.926746, -0.082957685, 0.99738795, -0.03473281, -0.0630751, -0.0055116736
0.88371795, -0.11500764, 1.0500106, 0.25183842, 0.9279984, -0.07771044, 0.99750847, -0.031670064, -0.06276966, -0.0056354376
0.88542837, -0.096606635, 1.0491433, 0.23776102, 0.9437413, -0.071442775, 0.99762326, -0.029069254, -0.062202644, -0.005619492
0.88790977, -0.08898958, 1.0484014, 0.22336075, 0.94777614, -0.06421435, 0.99776274, -0.025977328, -0.061316594, -0.0057400297
0.89061135, -0.08473554, 1.0478008, 0.21108584, 0.9481018, -0.057906356, 0.99789065, -0.0231934, -0.060333617, -0.005848837
0.89306945, -0.080002874, 1.0472614, 0.19894147, 0.9482919, -0.051960703, 0.99801034, -0.020643607, -0.059259463, -0.0059598773
0.8931597, -0.056613892, 1.0472089, 0.18490215, 0.9661492, -0.043820564, 0.9981054, -0.018798359, -0.05826438, -0.0059616016
0.8952876, -0.06303443, 1.0468233, 0.1732689, 0.95418346, -0.038216572, 0.9982081, -0.016269607, -0.057233877, -0.0061834957
0.8911378, -0.04256467, 1.0464425, 0.15554209, 0.9685455, -0.03277741, 0.9982719, -0.01456803, -0.056567226, -0.0062595564
0.8921082, -0.049082156, 1.0461782, 0.14325267, 0.9555973, -0.025777107, 0.99833614, -0.012130999, -0.05597926, -0.006488131
0.8926567, -0.03187545, 1.0459373, 0.13060157, 0.9658075, -0.019140948, 0.9983751, -0.010297337, -0.055651974, -0.0064818114
0.8927922, -0.023490515, 1.0474584, 0.11862523, 0.96591395, -0.0045928736, 0.99840486, -0.0080522215, -0.05549055, -0.006454679
0.8927142, -0.018118072, 1.0474441, 0.10593011, 0.96339285, 0.0008571384, 0.9984174, -0.0058167554, -0.05553413, -0.006548051
0.89269483, -9.9347824e-5, 1.0474677, 0.09324662, 0.973037, 0.006691384, 0.998421, -0.0040471717, -0.055625662, -0.006549451
0.8954673, 0.009260868, 1.0475585, 0.08373179, 0.9735259, 0.010721059, 0.99842566, -0.0022339, -0.05564225, -0.0065745944
0.8959336, 0.01305253, 1.0501333, 0.07291757, 0.9670434, 0.028990777, 0.9984376, -0.00016119014, -0.05547649, -0.0065390673
0.8963784, 0.021718075, 1.0504434, 0.061311837, 0.96614116, 0.032785363, 0.9984397, 0.0016747816, -0.055417918, -0.0065021347
0.89735055, 0.03859506, 1.0507858, 0.05022476, 0.97307867, 0.037389193, 0.99844736, 0.0035426437, -0.055208664, -0.006348131
0.89818513, 0.04301211, 1.0511761, 0.039589826, 0.967104, 0.03909717, 0.99845165, 0.0059992047, -0.054920573, -0.0063243937
0.8992186, 0.058772933, 1.0515652, 0.029267367, 0.9720867, 0.040254414, 0.9984537, 0.008299684, -0.054605104, -0.006131104
0.89734524, 0.06625677, 1.0523895, 0.016381113, 0.9681352, 0.04403455, 0.99844366, 0.010917664, -0.054333877, -0.0060782246
0.8980797, 0.0740045, 1.0528358, 0.006234, 0.9640931, 0.044697825, 0.998429, 0.013398295, -0.054056026, -0.0060001328
0.8985861, 0.07941842, 1.0532913, -0.0039680316, 0.9572485, 0.045366842, 0.99840474, 0.015803229, -0.05386006, -0.0059462753
0.8987055, 0.08177658, 1.0537596, -0.014455572, 0.9468952, 0.046577778, 0.9983672, 0.01821966, -0.053794842, -0.005929575
0.8981552, 0.10145815, 1.0541294, -0.025527583, 0.95374084, 0.04575053, 0.99832183, 0.020119973, -0.053982012, -0.0057121995
0.8970525, 0.10393746, 1.0545933, -0.036978867, 0.94272095, 0.0461025, 0.99824774, 0.02255667, -0.05439096, -0.005685062
0.89585257, 0.10732361, 1.0550588, -0.048483256, 0.9322534, 0.046198186, 0.9981635, 0.02482396, -0.054944817, -0.005694089
0.8915616, 0.117186666, 1.0555134, -0.063152246, 0.92805433, 0.045906693, 0.99807745, 0.026591362, -0.055679806, -0.0056673232
0.8926688, 0.13372025, 1.0578525, -0.07155484, 0.9298645, 0.05542863, 0.99800706, 0.028013662, -0.05626459, -0.005423836
0.89380074, 0.14166307, 1.0584056, -0.08063166, 0.9230743, 0.054575145, 0.99792796, 0.029442498, -0.056941886, -0.0053391876
0.8924621, 0.14122099, 1.05895, -0.0921651, 0.90760857, 0.053244628, 0.99783915, 0.031042019, -0.057638273, -0.0054044873
0.8910889, 0.1576198, 1.0594679, -0.103818156, 0.9091431, 0.051333364, 0.99776584, 0.032150157, -0.05830987, -0.005263874
0.89000034, 0.165364, 1.0599817, -0.11536482, 0.90152204, 0.05114509, 0.99768394, 0.033543482, -0.058925297, -0.005239092
0.88916403, 0.1621858, 1.0614707, -0.12600517, 0.88253236, 0.055345032, 0.99759054, 0.03533821, -0.059444, -0.005361225
0.88574106, 0.18395874, 1.0620039, -0.13975082, 0.88906187, 0.052802984, 0.9975217, 0.036417846, -0.059961278, -0.0051810453
0.88535374, 0.18920857, 1.0625219, -0.15018897, 0.87843114, 0.05018051, 0.99744564, 0.037950214, -0.06027388, -0.0052022133
0.88491374, 0.18915133, 1.0630186, -0.16065966, 0.86214703, 0.048027012, 0.9973629, 0.0395559, -0.060599566, -0.0053124246
0.88162684, 0.19303878, 1.0655632, -0.17414969, 0.8481265, 0.05636072, 0.99727863, 0.04119574, -0.060891014, -0.0053398875
0.88103104, 0.2149398, 1.0661094, -0.18465868, 0.85411525, 0.053082846, 0.9972245, 0.042130634, -0.06115896, -0.0050917217
0.8833168, 0.215029, 1.0666356, -0.19205205, 0.8373999, 0.05054765, 0.99714005, 0.043751206, -0.06139429, -0.005135188
0.88272464, 0.21539842, 1.067134, -0.2024745, 0.820803, 0.048364833, 0.9970456, 0.045288533, -0.06181074, -0.005156755
0.8766142, 0.23767795, 1.0675898, -0.21858627, 0.82679635, 0.044575855, 0.9969772, 0.046097085, -0.062335618, -0.0048847483
0.8757064, 0.23825352, 1.0670886, -0.22950728, 0.8100687, 0.036164552, 0.99687225, 0.047527727, -0.06293971, -0.0048378664
0.8724833, 0.2337292, 1.0674247, -0.242228, 0.7882388, 0.031142319, 0.996766, 0.048969265, -0.06350412, -0.004987077
0.8664068, 0.24853913, 1.0677109, -0.25816494, 0.7861948, 0.027179226, 0.99668574, 0.04977588, -0.06414281, -0.0048673055
0.86556846, 0.25827453, 1.067965, -0.26847586, 0.77879965, 0.022958988, 0.9966084, 0.0506752, -0.06464114, -0.004829363
0.8589654, 0.25756404, 1.0712981, -0.28359422, 0.7609576, 0.036916744, 0.9965141, 0.051777743, -0.06519929, -0.0050752065
0.8549627, 0.2621222, 1.0716479, -0.2972653, 0.74802244, 0.033386, 0.99641776, 0.05267009, -0.06594561, -0.005159388
0.85120124, 0.26668486, 1.0719616, -0.3106614, 0.73507017, 0.0296766, 0.99632084, 0.053532284, -0.06670862, -0.0052037938
0.85042566, 0.27133733, 1.0722432, -0.32087412, 0.7221956, 0.025834508, 0.9962329, 0.054406833, -0.06730773, -0.0052523892
0.8445858, 0.281509, 1.0734094, -0.33612737, 0.7152146, 0.027207093, 0.9961566, 0.05508942, -0.06788347, -0.0052013705
0.8411598, 0.28860924, 1.0736598, -0.3490548, 0.70483613, 0.0228462, 0.9960895, 0.055800952, -0.06828805, -0.0051666726
0.83656836, 0.29650763, 1.0738661, -0.36318514, 0.69523615, 0.018734815, 0.99604064, 0.05648467, -0.068444915, -0.0050795297
0.83526814, 0.29937708, 1.0740321, -0.37357736, 0.68046933, 0.0138431145, 0.9960161, 0.057098582, -0.068298794, -0.005005434
0.8344747, 0.30514, 1.0741539, -0.38334095, 0.6687083, 0.00930532, 0.996015, 0.05758233, -0.06791585, -0.0048755077
0.83149403, 0.31330755, 1.0736609, -0.3955106, 0.65928537, 0.0018886958, 0.9960243, 0.058041055, -0.067398064, -0.004725505
0.82354057, 0.3135308, 1.073651, -0.41262272, 0.6416908, -0.002048298, 0.9960092, 0.058800578, -0.066963896, -0.004691095
0.82529265, 0.313461, 1.0736177, -0.4190283, 0.6239006, -0.006116383, 0.99600667, 0.059682596, -0.06622088, -0.0046385075
0.81943566, 0.31036448, 1.0735275, -0.433427, 0.60290396, -0.010073483, 0.9959607, 0.060790658, -0.06590366, -0.004631153
0.80814517, 0.32604542, 1.0731318, -0.4535556, 0.6013816, -0.015736056, 0.99593985, 0.061338224, -0.065727584, -0.0043956735
0.8046135, 0.32354096, 1.0729545, -0.46506336, 0.5808571, -0.019104619, 0.9959018, 0.062305227, -0.06539164, -0.0044312524
0.80308557, 0.33459127, 1.0727557, -0.4741986, 0.5745357, -0.022577517, 0.9958951, 0.06272132, -0.06511176, -0.0041701715
0.7960509, 0.3328899, 1.0724977, -0.48903096, 0.5549353, -0.026893787, 0.9958497, 0.063375145, -0.06517259, -0.0041782362
0.79738355, 0.3369412, 1.0708739, -0.49554428, 0.54068553, -0.03707001, 0.99583817, 0.06367412, -0.06506463, -0.0040706284
0.79623455, 0.34144518, 1.0704924, -0.50389314, 0.52767164, -0.040376384, 0.99585533, 0.06371617, -0.06476366, -0.0040076226
0.78773654, 0.34081346, 1.0700628, -0.52012193, 0.5092774, -0.043285493, 0.9958555, 0.06388624, -0.064593054, -0.004008491
0.77942675, 0.35101095, 1.0696167, -0.5359907, 0.5023125, -0.04564742, 0.9958925, 0.06362961, -0.06428647, -0.003819275
0.77662987, 0.35056892, 1.0691485, -0.5456577, 0.48439077, -0.04798341, 0.99592465, 0.063670434, -0.06374741, -0.0038026005
0.7715017, 0.3554796, 1.068301, -0.55789596, 0.47197327, -0.05164297, 0.99597245, 0.06353408, -0.06313912, -0.0036997702
0.7714692, 0.35749, 1.0677841, -0.5641653, 0.45690462, -0.05324713, 0.9960185, 0.06354857, -0.062399067, -0.0036114254
0.761551, 0.3593011, 1.0672325, -0.58101004, 0.44163182, -0.054812662, 0.99604464, 0.06365762, -0.06187692, -0.0034574158
0.75874555, 0.35857815, 1.0666283, -0.59051996, 0.4220995, -0.055314306, 0.99608064, 0.063987955, -0.060956374, -0.0033496113
0.74691224, 0.36512333, 1.0633312, -0.6104124, 0.41043785, -0.07110552, 0.9960845, 0.06428762, -0.060595755, -0.0029946791
0.7474674, 0.36346087, 1.0626266, -0.61513585, 0.3918042, -0.071079895, 0.99611104, 0.06480688, -0.059601773, -0.002912162
0.7502762, 0.3647869, 1.0619278, -0.6170348, 0.37653482, -0.07169196, 0.9961437, 0.065206856, -0.058617804, -0.0027979012
0.7428796, 0.36620563, 1.0611998, -0.62986463, 0.3613409, -0.07276113, 0.99616, 0.06555878, -0.057950668, -0.0026789191
0.7305316, 0.36809278, 1.0604553, -0.64802045, 0.34646502, -0.07263076, 0.99617505, 0.06581328, -0.05740936, -0.0024714102
0.7258879, 0.37038314, 1.060629, -0.6570262, 0.33264855, -0.066516295, 0.9962261, 0.065868996, -0.05645753, -0.0023148854
0.719261, 0.37364385, 1.059968, -0.6683492, 0.31948784, -0.06566437, 0.9962804, 0.06570851, -0.05569008, -0.0021303266
0.706799, 0.37412652, 1.0593005, -0.6858705, 0.3034152, -0.06467542, 0.9963242, 0.06550529, -0.055149317, -0.0019376937
0.69968367, 0.37464184, 1.058656, -0.69721335, 0.2876552, -0.063358605, 0.99638206, 0.06523382, -0.054424815, -0.0018108644
0.69037217, 0.375483, 1.0573379, -0.7111108, 0.2719685, -0.065395825, 0.9964434, 0.064915225, -0.053683877, -0.0016415827
0.6915426, 0.37581056, 1.0567095, -0.7128324, 0.25646245, -0.06269699, 0.99652886, 0.06456925, -0.05250544, -0.0014856763
0.6843601, 0.3783087, 1.056102, -0.72366023, 0.24316223, -0.058773268, 0.9965945, 0.06437423, -0.05149736, -0.0011945952
0.6680929, 0.3774815, 1.055504, -0.744177, 0.22639723, -0.05574394, 0.99663657, 0.06451051, -0.05050947, -0.0008701716
0.66059977, 0.37967998, 1.0549588, -0.7544357, 0.21329188, -0.053264536, 0.9966991, 0.064646564, -0.049086247, -0.0005663932
0.65069425, 0.37787038, 1.0550392, -0.76692134, 0.19607547, -0.045918092, 0.9967524, 0.064954795, -0.047576267, -0.00032914823
0.6539796, 0.37652814, 1.0546187, -0.76448977, 0.17943117, -0.04156999, 0.99681836, 0.065364726, -0.045592215, -0.00015155571
0.6473861, 0.37576938, 1.0542185, -0.7726182, 0.1633754, -0.038077258, 0.99686855, 0.065837, -0.043778997, 9.551556e-5
0.6303408, 0.37804648, 1.053834, -0.7919504, 0.15039027, -0.034575004, 0.996919, 0.06610852, -0.0421908, 0.00044022617
0.62653303, 0.37769812, 1.0511966, -0.79717594, 0.13356198, -0.043580357, 0.99697787, 0.06640431, -0.040288918, 0.000645542
0.62965024, 0.37762225, 1.0507903, -0.7928614, 0.11893692, -0.041278206, 0.9970602, 0.06649946, -0.03802937, 0.0007524652
0.6099592, 0.37259316, 1.0503585, -0.81379193, 0.09843499, -0.03834203, 0.997102, 0.06667162, -0.036600053, 0.00096961495
0.60521746, 0.3729401, 1.0499959, -0.8173701, 0.08432132, -0.035450727, 0.9971744, 0.06659371, -0.034716964, 0.0011365825
0.60568446, 0.3708989, 1.0501126, -0.8143598, 0.06840939, -0.03149887, 0.9972469, 0.06651443, -0.03272778, 0.0011816216
0.6031558, 0.37131846, 1.0498226, -0.81466293, 0.054753028, -0.028303877, 0.99732256, 0.06626085, -0.03087937, 0.0012844729
0.58558273, 0.36902255, 1.0495324, -0.83153343, 0.03797459, -0.025313232, 0.9973704, 0.06612247, -0.02959698, 0.0014731056
0.5831102, 0.36145744, 1.0492892, -0.83097637, 0.016140388, -0.022601165, 0.99741423, 0.066225335, -0.027840609, 0.0014309064
0.5804381, 0.3641357, 1.0490937, -0.83016616, 0.0056827385, -0.020152578, 0.9974719, 0.06606202, -0.026098723, 0.0015408451
0.5625844, 0.36187425, 1.0473101, -0.84708405, -0.011743807, -0.02429045, 0.9974914, 0.06617027, -0.025045356, 0.0017375626
0.5620595, 0.36198068, 1.0470986, -0.8431678, -0.02476795, -0.020680599, 0.997539, 0.066066585, -0.023366043, 0.0017926723
0.55602825, 0.35709968, 1.046895, -0.8451347, -0.042959988, -0.019114371, 0.9975652, 0.06615325, -0.021955386, 0.0018311305
0.54240173, 0.35230136, 1.0466971, -0.85543835, -0.06124326, -0.01654735, 0.9975804, 0.06623674, -0.020982005, 0.0019426666
0.5361169, 0.35046598, 1.0463276, -0.85717624, -0.076040685, -0.0151101155, 0.99760836, 0.066165075, -0.019836629, 0.0020498615
0.53751934, 0.35132784, 1.046211, -0.84983116, -0.0874211, -0.011765447, 0.9976506, 0.06592112, -0.018472569, 0.0021178748
0.51809525, 0.3472648, 1.0460765, -0.86537904, -0.10580289, -0.008580422, 0.9976777, 0.0657285, -0.017646663, 0.0023710069
0.51245964, 0.34097484, 1.0459999, -0.865534, -0.124796845, -0.005523303, 0.99771, 0.06555006, -0.016433863, 0.0024239928
0.5145861, 0.34273112, 1.0448699, -0.85698014, -0.13525505, -0.008469547, 0.99776447, 0.065072216, -0.014955471, 0.0024682167
0.5064698, 0.3393459, 1.0447919, -0.85944074, -0.15052965, -0.0065148417, 0.9978175, 0.064521104, -0.013738919, 0.0025498986
0.506101, 0.3383766, 1.0447503, -0.8527489, -0.16262095, -0.004489241, 0.99787843, 0.06388236, -0.012214102, 0.0025630987
0.48784012, 0.33476704, 1.0446947, -0.8663069, -0.17791358, -0.0026141005, 0.99792135, 0.063385956, -0.011207172, 0.0027583747
0.48938975, 0.33087972, 1.0446876, -0.856828, -0.19254015, -0.0013772857, 0.9979676, 0.06292819, -0.0095638875, 0.0026916529
0.48717067, 0.32650077, 1.0483804, -0.85015476, -0.20504175, 0.021253403, 0.9980176, 0.062346652, -0.008037649, 0.0026587332
0.47788352, 0.32720408, 1.0486044, -0.85258746, -0.21441117, 0.022692686, 0.9980475, 0.06197376, -0.0071172453, 0.002790946
0.4604916, 0.32258543, 1.0488173, -0.8641675, -0.22969894, 0.023300204, 0.9980558, 0.061892606, -0.0065520997, 0.0030016305
0.46245337, 0.32004628, 1.0490799, -0.85325325, -0.2421345, 0.026159627, 0.9980668, 0.06181255, -0.0055600265, 0.0029957588
0.46351847, 0.3171113, 1.0515302, -0.84266156, -0.25319657, 0.03966792, 0.99807644, 0.06172472, -0.0047606127, 0.0029794192
0.4550501, 0.3119569, 1.0519266, -0.8436406, -0.268374, 0.040580075, 0.99806184, 0.061974365, -0.00453071, 0.0030455224
0.4535095, 0.30928257, 1.0523449, -0.83654445, -0.2804272, 0.041476667, 0.9980509, 0.062174693, -0.0041876445, 0.0030209238
0.4395286, 0.30654132, 1.052757, -0.84381366, -0.29283485, 0.042276602, 0.9980389, 0.0623486, -0.0043515987, 0.003184642
0.4278635, 0.30161738, 1.0531791, -0.8483897, -0.30765253, 0.044035513, 0.9980203, 0.06262815, -0.0045139943, 0.0032835
0.42796186, 0.29697245, 1.0537778, -0.8393004, -0.32133266, 0.04475289, 0.9980113, 0.062786944, -0.0043516755, 0.0032172678
0.42569405, 0.29501352, 1.0542337, -0.833013, -0.33203942, 0.04469303, 0.9980072, 0.06284036, -0.0044823415, 0.0032627464
0.42591465, 0.29348046, 1.0546871, -0.8239219, -0.3419208, 0.043403793, 0.9980156, 0.062700555, -0.004559702, 0.0032744068
0.41879576, 0.29424885, 1.0551255, -0.8234196, -0.34925193, 0.041967552, 0.99803656, 0.06234135, -0.0047855307, 0.0034212023
0.40449885, 0.28039327, 1.055307, -0.83144844, -0.3733719, 0.039009508, 0.99803066, 0.06239492, -0.0052501466, 0.0034875576
0.40158615, 0.27600524, 1.0556966, -0.8261688, -0.38610214, 0.038242932, 0.9980429, 0.062188696, -0.005352726, 0.003513333
0.39625707, 0.2761738, 1.0560871, -0.8237247, -0.39353883, 0.037607174, 0.9980561, 0.06193829, -0.005727836, 0.0035782128
0.39070547, 0.26640335, 1.0564464, -0.8217318, -0.41214004, 0.03643136, 0.9980385, 0.062183976, -0.006176889, 0.0035038046
0.38501424, 0.2684211, 1.0561378, -0.81992126, -0.41748112, 0.030987903, 0.9980349, 0.06216756, -0.00685032, 0.0035588685
0.3695663, 0.2560938, 1.056413, -0.82968235, -0.43889418, 0.028124498, 0.99799174, 0.06274218, -0.007784713, 0.0036430932
0.35897326, 0.24639995, 1.0566703, -0.83384895, -0.45709494, 0.025901267, 0.9979549, 0.063204944, -0.008691441, 0.0036982195
0.35062662, 0.24176799, 1.0569184, -0.83547866, -0.46929857, 0.023700388, 0.99793327, 0.06343423, -0.009445277, 0.0037503568
0.3453705, 0.23995958, 1.0571514, -0.83359146, -0.47794944, 0.020654641, 0.9979209, 0.06352763, -0.010081621, 0.003824692
0.3413457, 0.2317386, 1.0552297, -0.830502, -0.49527025, 0.0060448307, 0.9979027, 0.06372873, -0.010594185, 0.0038313656
0.33458003, 0.22874866, 1.055287, -0.83068407, -0.5052596, 0.00433693, 0.99791837, 0.063421264, -0.010919772, 0.0039209826
0.32842234, 0.22140954, 1.0553198, -0.83026016, -0.52009964, 0.0028495989, 0.9979459, 0.06295971, -0.011051053, 0.003987261
0.32547107, 0.21443194, 1.055337, -0.82610106, -0.5340437, 0.00039246972, 0.9979922, 0.062248368, -0.010886937, 0.004013734
0.32218957, 0.21434866, 1.0571218, -0.8223136, -0.538767, 0.009549694, 0.9980738, 0.061023097, -0.010316819, 0.004055079
0.32099625, 0.20932539, 1.0572258, -0.81526715, -0.55045766, 0.0079556955, 0.99814665, 0.059949208, -0.0095598595, 0.003994788
0.31301498, 0.19725448, 1.0572828, -0.8169265, -0.569659, 0.0063737086, 0.99819535, 0.059212, -0.009065343, 0.003974827
0.3042871, 0.18966189, 1.0573305, -0.81929076, -0.58324945, 0.0042155865, 0.99824375, 0.05843233, -0.008757464, 0.004043568
0.29933456, 0.18650363, 1.0583574, -0.817124, -0.5906336, 0.007919434, 0.99829614, 0.05755867, -0.008545655, 0.004094264
0.2985636, 0.18342826, 1.0584437, -0.8100242, -0.5983138, 0.0071944804, 0.99833584, 0.05687553, -0.008508056, 0.0040413444
0.29772988, 0.17540814, 1.0585142, -0.80311924, -0.6115828, 0.006718463, 0.9983595, 0.056414574, -0.008844853, 0.00393188
0.28640673, 0.16733654, 1.0585761, -0.8087055, -0.6250806, 0.00714662, 0.9983741, 0.05601916, -0.0096493745, 0.0039829933
0.27968153, 0.16425788, 1.0586532, -0.8089058, -0.6322036, 0.006226834, 0.99840033, 0.05538499, -0.010563958, 0.003968864
0.27797228, 0.15951099, 1.0572333, -0.80329376, -0.6416436, -0.0049331714, 0.99841756, 0.05489129, -0.01149192, 0.0038977468
0.2685162, 0.14996853, 1.0571722, -0.8071851, -0.65602255, -0.005807549, 0.9984328, 0.054334674, -0.012730622, 0.003943347
0.26640165, 0.14567062, 1.0571164, -0.80256, -0.6636771, -0.0074196802, 0.9984678, 0.05342362, -0.013798957, 0.0039466433
0.25971368, 0.13647054, 1.0570314, -0.80363744, -0.6770192, -0.008499986, 0.9984982, 0.052523993, -0.014998956, 0.00395176
0.25528485, 0.13671133, 1.0581409, -0.80227035, -0.67827415, -0.0018930725, 0.9985482, 0.05123889, -0.016053468, 0.0040436136
0.24936901, 0.1254627, 1.0581039, -0.80285245, -0.69331497, -0.0040361853, 0.9985776, 0.050342694, -0.01702998, 0.004043512
0.24328303, 0.114048354, 1.0580482, -0.8038428, -0.70828557, -0.0054552685, 0.99860996, 0.0494172, -0.017837007, 0.0039926064
0.23970836, 0.11451686, 1.0580163, -0.8019564, -0.70892286, -0.00552, 0.998659, 0.048130993, -0.018573817, 0.004074824
0.23179446, 0.10795806, 1.0579643, -0.80543816, -0.71775675, -0.005243594, 0.998691, 0.047109816, -0.01941799, 0.0042245495
0.23073077, 0.09666764, 1.0579461, -0.8009759, -0.73169523, -0.00473464, 0.9987244, 0.04621219, -0.019860012, 0.004203728
0.22464761, 0.0898355, 1.0579033, -0.80255425, -0.7401716, -0.004326287, 0.99875814, 0.04515198, -0.020555334, 0.004343834
0.22324678, 0.08792364, 1.057875, -0.7986153, -0.74228877, -0.0049589635, 0.99880016, 0.043938965, -0.021125365, 0.0043948
0.21448347, 0.07658068, 1.0578048, -0.8035754, -0.75540864, -0.007009396, 0.9988186, 0.043075275, -0.021994865, 0.004494934
0.21202096, 0.07446951, 1.0593959, -0.80117154, -0.75637954, 0.0013673586, 0.9988559, 0.04176629, -0.022796374, 0.0045689275
0.2051662, 0.06558139, 1.0594083, -0.8041873, -0.76617354, 0.0014166838, 0.9988737, 0.040701184, -0.023896515, 0.0046623894
0.19552174, 0.06144035, 1.0594267, -0.8106879, -0.7699711, 0.0010698353, 0.99888825, 0.03953284, -0.025183296, 0.004814598
0.19268788, 0.057293028, 1.0594547, -0.80931693, -0.7734246, 0.0018570888, 0.9989054, 0.03829678, -0.026383096, 0.004819266
0.18797939, 0.04153488, 1.05966, -0.81044906, -0.79033464, 0.0025918912, 0.99890196, 0.037447106, -0.027705189, 0.0047898283
0.18344934, 0.03993465, 1.0596901, -0.8114177, -0.7899299, 0.0006689227, 0.9989173, 0.036090583, -0.028923633, 0.0048219794
0.17456076, 0.03133192, 1.059684, -0.8178577, -0.7977101, -0.0014081567, 0.99892247, 0.03494102, -0.030125463, 0.00485421
0.17300683, 0.02297492, 1.0596678, -0.8157097, -0.80477375, -0.0030867362, 0.99893713, 0.03376316, -0.030992351, 0.004704637
0.16929632, 0.019312354, 1.0596502, -0.81636536, -0.8060216, -0.0035743844, 0.9989595, 0.032375496, -0.03175561, 0.0046208953
0.15882432, 0.013562909, 1.0593736, -0.8252797, -0.80977577, -0.004880556, 0.9989724, 0.031023547, -0.03267599, 0.004687456
0.15304904, -0.001236653, 1.0593107, -0.82865685, -0.8238172, -0.005901812, 0.9989845, 0.0298713, -0.033380747, 0.0046274206
0.14982821, -0.0020873877, 1.0592599, -0.82888514, -0.82057947, -0.008104868, 0.9990149, 0.028136503, -0.033973936, 0.0046215253
0.14207597, -0.0076541277, 1.0591743, -0.8346947, -0.82281226, -0.010230916, 0.99903697, 0.026542682, -0.034597497, 0.0046505393
0.13775934, -0.02086799, 1.059413, -0.8361848, -0.8332287, -0.009995792, 0.9990597, 0.02502355, -0.03507772, 0.004601203
0.13217488, -0.026225332, 1.0593178, -0.8396246, -0.8344915, -0.010491407, 0.9990793, 0.023369605, -0.035648365, 0.0046456875
0.12653136, -0.038407054, 1.0592057, -0.84323126, -0.84365493, -0.011242725, 0.99909264, 0.021933166, -0.03618297, 0.0046496005
0.12073445, -0.04592273, 1.0590937, -0.8470311, -0.8467815, -0.01216775, 0.999106, 0.020274894, -0.036768384, 0.004723113
0.11474637, -0.046644088, 1.0593647, -0.8510672, -0.84113836, -0.011191206, 0.9991203, 0.018333217, -0.03737672, 0.0048551285
0.10852909, -0.054158382, 1.0592486, -0.8554572, -0.8435829, -0.01277059, 0.9991236, 0.01669571, -0.038036022, 0.0049663265
0.10438637, -0.06162504, 1.0591208, -0.8574248, -0.8456021, -0.014132337, 0.99912, 0.015022388, -0.03879968, 0.005111188
0.09587292, -0.0689956, 1.0589782, -0.8648691, -0.84723395, -0.014853608, 0.9991021, 0.013381849, -0.03982, 0.005314728
0.088006824, -0.076055825, 1.0588322, -0.8716594, -0.84816015, -0.015113054, 0.9990859, 0.011617805, -0.0407396, 0.0055357805
0.08719236, -0.08072254, 1.0592206, -0.8700076, -0.84553415, -0.012014852, 0.9990904, 0.009651285, -0.04113082, 0.0056106322
0.08217949, -0.09012463, 1.0591034, -0.87356067, -0.8485776, -0.012075081, 0.9990917, 0.007801829, -0.041482173, 0.0056722253
0.07720918, -0.104443595, 1.0589768, -0.8770806, -0.8572194, -0.012629415, 0.99909115, 0.0061939205, -0.041759796, 0.0057106772
0.07229448, -0.109817, 1.0588534, -0.88038456, -0.85451645, -0.014253168, 0.9990891, 0.0043980195, -0.04201329, 0.005867425
0.064582616, -0.11333677, 1.060367, -0.88671625, -0.8490064, -0.007232603, 0.999084, 0.0025389956, -0.04224024, 0.0062061213
0.05776528, -0.12765302, 1.0602851, -0.892416, -0.85666156, -0.008361966, 0.9990792, 0.0011214737, -0.04241309, 0.0062154206
0.05308515, -0.13279782, 1.060212, -0.89550805, -0.85270256, -0.008295056, 0.9990758, -0.0006410401, -0.04249793, 0.006257325
0.046049416, -0.14250055, 1.0601321, -0.9015066, -0.8540544, -0.007989518, 0.999065, -0.0022505957, -0.042687334, 0.0063089975
0.04351374, -0.14519902, 1.0600766, -0.901962, -0.84643835, -0.0071044317, 0.9990569, -0.0041402443, -0.042737227, 0.006298732
0.03882082, -0.14537033, 1.06042, -0.9049204, -0.83535904, -0.005257414, 0.99904317, -0.0061707553, -0.04280798, 0.0063327667
0.034245085, -0.15880816, 1.060361, -0.90772116, -0.8404475, -0.00674487, 0.999032, -0.007868115, -0.04280052, 0.006261986
0.029610377, -0.156618, 1.0603081, -0.9105223, -0.82591534, -0.0073805917, 0.9990099, -0.010268251, -0.04280283, 0.0063051954
0.021009956, -0.1723263, 1.0602249, -0.9182953, -0.83314437, -0.007857146, 0.9989865, -0.012064131, -0.042886607, 0.0062624007
0.015049986, -0.17667079, 1.0589383, -0.9230568, -0.82591814, -0.013823482, 0.9989619, -0.014230332, -0.04280967, 0.006156087
0.015779212, -0.1789848, 1.0588188, -0.9191778, -0.81580234, -0.0135127595, 0.9989454, -0.016427847, -0.042417053, 0.006085292
0.0007245019, -0.19345522, 1.0586636, -0.9346393, -0.8205112, -0.014951827, 0.9989155, -0.018067792, -0.042445917, 0.0061394884
-0.00292274, -0.20103751, 1.0585192, -0.9358563, -0.8162774, -0.015871568, 0.99889845, -0.01979278, -0.0420718, 0.0061701895
-0.005007804, -0.20255469, 1.0593596, -0.9347451, -0.80431443, -0.011582182, 0.9988808, -0.021631591, -0.041563608, 0.0063009434
-0.021980269, -0.2134954, 1.0592297, -0.9522944, -0.8037744, -0.012190078, 0.9988471, -0.022956235, -0.041642804, 0.0064279637
-0.025728736, -0.21943967, 1.0591233, -0.95341283, -0.79667276, -0.0110010905, 0.9988341, -0.024337154, -0.041170817, 0.006418305
-0.026996182, -0.22276513, 1.0590369, -0.95135516, -0.7861187, -0.009477556, 0.99881977, -0.025837403, -0.040606312, 0.0063813804
-0.04361803, -0.23538196, 1.0589252, -0.9681527, -0.7870465, -0.009820714, 0.99878883, -0.027113862, -0.0405238, 0.0064456444
-0.051200878, -0.24287657, 1.0584992, -0.9734293, -0.78143454, -0.012995949, 0.99876523, -0.028649628, -0.04004004, 0.0064878506
-0.054689508, -0.24332178, 1.0583717, -0.973357, -0.76682717, -0.0147803305, 0.9987348, -0.030588923, -0.03936071, 0.006475017
-0.066841654, -0.2550909, 1.0582118, -0.9840204, -0.7660878, -0.016220834, 0.99869514, -0.032233544, -0.03905026, 0.006486072
-0.07084855, -0.26243564, 1.0580448, -0.9839554, -0.75788105, -0.016442051, 0.99865603, -0.034323014, -0.03827429, 0.0064166817
-0.07849656, -0.26467222, 1.0586928, -0.9884645, -0.7447332, -0.012433647, 0.9986012, -0.03658347, -0.037593186, 0.006482773
-0.09902883, -0.27588558, 1.0585449, -1.0090638, -0.7424547, -0.014154725, 0.99853265, -0.038620178, -0.037370265, 0.0065210517
-0.101624146, -0.27553585, 1.0584091, -1.006913, -0.7253476, -0.015555395, 0.9984674, -0.041118145, -0.036441855, 0.0064938986
-0.10839769, -0.28213596, 1.0582513, -1.0098548, -0.71667695, -0.01722219, 0.99840605, -0.04334701, -0.035544142, 0.006404676
-0.12652424, -0.2917567, 1.0595353, -1.0265118, -0.71165013, -0.008974851, 0.9983377, -0.04537292, -0.03490896, 0.006525584
-0.13293508, -0.2946549, 1.0594472, -1.0285054, -0.69759357, -0.009698522, 0.9982768, -0.047507852, -0.03380569, 0.006451726
-0.13932584, -0.2979795, 1.0593536, -1.0302533, -0.68380296, -0.010176104, 0.9982233, -0.049444534, -0.032596447, 0.0063968217
-0.15234913, -0.30632955, 1.0592408, -1.0400503, -0.67618227, -0.011493317, 0.99817735, -0.050987933, -0.03162885, 0.006303868
-0.1546512, -0.30813816, 1.0591325, -1.0359942, -0.6602065, -0.013217957, 0.9981381, -0.052560378, -0.030287884, 0.00618372
-0.16432463, -0.3127314, 1.0613865, -1.0402964, -0.64826536, -0.00090190273, 0.99810046, -0.053888988, -0.029144991, 0.006329681
-0.17945632, -0.31954566, 1.0613734, -1.0520763, -0.63807887, -0.0003149862, 0.99805987, -0.055061307, -0.02835224, 0.006240388
-0.1882463, -0.32180882, 1.0613699, -1.0554872, -0.6221689, -0.0006287746, 0.99802154, -0.056338206, -0.027197566, 0.0061124554
-0.19042207, -0.3258398, 1.061374, -1.0502421, -0.60853666, -0.0016578186, 0.99798775, -0.057582475, -0.025828056, 0.0059644245
-0.18833357, -0.325148, 1.0616097, -1.039213, -0.58920616, -0.0032514867, 0.99794143, -0.05906248, -0.0242571, 0.005843515
-0.2124694, -0.33357424, 1.061542, -1.0612671, -0.5812069, -0.0065988153, 0.99787927, -0.060318645, -0.023727901, 0.0057972134
-0.22147655, -0.33511606, 1.0614653, -1.0638521, -0.5642745, -0.008710783, 0.997808, -0.061900176, -0.0226387, 0.005753609
-0.22858544, -0.3347733, 1.0613735, -1.0638276, -0.5447594, -0.009945719, 0.99772555, -0.06356843, -0.02162669, 0.005750007
-0.23581773, -0.3388489, 1.061274, -1.0637779, -0.5307383, -0.011113645, 0.9976539, -0.06499591, -0.020671973, 0.0057350365
-0.24539739, -0.34111962, 1.0602791, -1.0667399, -0.51403016, -0.017881963, 0.99757516, -0.06642177, -0.019939758, 0.005683928
-0.25739983, -0.34378144, 1.0600846, -1.0723269, -0.49817997, -0.02021264, 0.9975031, -0.06764337, -0.019409746, 0.005756071
-0.26725924, -0.3489654, 1.0598748, -1.0750425, -0.48544943, -0.022198962, 0.997448, -0.06860847, -0.018835736, 0.0057916692
-0.27267814, -0.35250375, 1.0596557, -1.072009, -0.47051892, -0.023387386, 0.997407, -0.06940383, -0.01807768, 0.0057954374
-0.2823143, -0.35206932, 1.0595981, -1.0741428, -0.45074818, -0.02440443, 0.99736977, -0.070095226, -0.017446356, 0.005812246
-0.28969207, -0.35611707, 1.0593482, -1.0733072, -0.43672675, -0.026510675, 0.9973556, -0.0704863, -0.016658885, 0.0058290623
-0.30129164, -0.35832748, 1.0590678, -1.0776861, -0.42047054, -0.028753608, 0.9973419, -0.070832886, -0.01599797, 0.0058252383
-0.3063324, -0.36275715, 1.0587823, -1.073565, -0.40714648, -0.030549327, 0.99734604, -0.07098426, -0.015032842, 0.005838418
-0.3181587, -0.36519104, 1.0590006, -1.0778675, -0.39143994, -0.028161127, 0.9973463, -0.071127705, -0.014338702, 0.0058040256
-0.32895178, -0.369036, 1.0587133, -1.08075, -0.3775509, -0.029285215, 0.99735236, -0.07120215, -0.013571229, 0.0056960615
-0.34947732, -0.3693026, 1.0583901, -1.0958034, -0.3593405, -0.031312056, 0.99734837, -0.07135043, -0.013134401, 0.005555736
-0.35682663, -0.3737038, 1.0580766, -1.0938236, -0.34662262, -0.032962557, 0.9973581, -0.071373716, -0.012270647, 0.00548872
-0.35968137, -0.3733281, 1.0577407, -1.0859486, -0.32820684, -0.035932474, 0.9973519, -0.07162476, -0.011285642, 0.0054590814
-0.3786068, -0.3732452, 1.0571436, -1.0973498, -0.30818254, -0.038795866, 0.99732685, -0.07206489, -0.01073287, 0.0053477874
-0.3871151, -0.37478882, 1.0567498, -1.096364, -0.29229972, -0.04024156, 0.9973076, -0.07248514, -0.009673518, 0.0052822162
-0.38825434, -0.37618828, 1.0563511, -1.0857837, -0.27647403, -0.042197157, 0.9972848, -0.072989166, -0.008116972, 0.005259127
-0.4046265, -0.37770241, 1.0559046, -1.0944501, -0.26086992, -0.04467072, 0.9972553, -0.073532335, -0.0068386686, 0.0051057795
-0.41163725, -0.37906566, 1.0556037, -1.0908164, -0.24500988, -0.04418605, 0.9972281, -0.07405641, -0.0049938285, 0.004990685
-0.4185852, -0.38066947, 1.0551608, -1.086807, -0.22955382, -0.045216523, 0.99719566, -0.074609265, -0.0029669944, 0.0048384345
-0.4342318, -0.38007534, 1.0546906, -1.0935663, -0.21134399, -0.046363, 0.997159, -0.07515676, -0.001245798, 0.004669534
-0.4410923, -0.38191783, 1.0542256, -1.0886741, -0.19646986, -0.047842428, 0.9971275, -0.07558556, 0.0008776447, 0.004562164
-0.44998613, -0.38195664, 1.0518793, -1.0863591, -0.17792325, -0.05940641, 0.99708843, -0.07606363, 0.002792961, 0.0043769763
-0.45951423, -0.38446215, 1.0512896, -1.0841625, -0.16384871, -0.05923327, 0.99707204, -0.07619423, 0.0046299105, 0.0042882357
-0.47600496, -0.3850486, 1.0506908, -1.0905297, -0.14740874, -0.058715682, 0.99706286, -0.07621393, 0.006128083, 0.00418802
-0.4816591, -0.38141534, 1.0501034, -1.0826684, -0.12579572, -0.057926983, 0.99704635, -0.07626132, 0.007921789, 0.0042394265
-0.4895322, -0.38427693, 1.0495334, -1.0773993, -0.11284375, -0.05786113, 0.99705094, -0.07601433, 0.00953051, 0.004287216
-0.4996332, -0.38474244, 1.0484681, -1.0747845, -0.096631244, -0.06023085, 0.99704915, -0.075842835, 0.010975428, 0.004293511
-0.5097565, -0.385205, 1.0478638, -1.0718989, -0.08110276, -0.06063469, 0.99703914, -0.075752325, 0.0124247605, 0.004265115
-0.52651453, -0.38325575, 1.0472385, -1.0772691, -0.062816635, -0.061777055, 0.9970211, -0.075782314, 0.013663139, 0.004157955
-0.525558, -0.38352567, 1.0466379, -1.0596405, -0.047414053, -0.06132813, 0.99699235, -0.075789, 0.0155611355, 0.004265207
-0.5325488, -0.37967396, 1.0435708, -1.0522212, -0.024878247, -0.07341515, 0.99693865, -0.07616133, 0.01713388, 0.0041573406
-0.55107105, -0.37981513, 1.0428386, -1.0590608, -0.009440451, -0.071557954, 0.9969133, -0.07618642, 0.01849102, 0.0039503733
-0.5516596, -0.38027877, 1.0421557, -1.0425267, 0.0057376004, -0.06721973, 0.9968716, -0.076202966, 0.020552957, 0.0039640022
-0.5565542, -0.37856266, 1.0415007, -1.0313367, 0.023333523, -0.064153686, 0.9968251, -0.07625591, 0.022520065, 0.0039483136
-0.5750432, -0.37461627, 1.0408485, -1.0373282, 0.04338717, -0.062394135, 0.9967854, -0.076337144, 0.023981472, 0.003791087
-0.58080655, -0.37308496, 1.0419745, -1.0266737, 0.058597315, -0.052089468, 0.99675333, -0.07612896, 0.025897224, 0.0038147073
-0.5818735, -0.37405613, 1.041468, -1.0098184, 0.071743116, -0.051280223, 0.99672014, -0.0758704, 0.027854439, 0.003852678
-0.5987375, -0.36820897, 1.0409477, -1.0129309, 0.093551345, -0.049340274, 0.9966883, -0.075830474, 0.029095607, 0.003688285
-0.60472685, -0.36932203, 1.0404716, -1.0018616, 0.1061343, -0.04770797, 0.99666893, -0.075463705, 0.030672627, 0.0036795472
-0.60679686, -0.36799684, 1.0421032, -0.9856614, 0.11991058, -0.034869052, 0.9966539, -0.07496509, 0.032322, 0.0038153485
-0.6166213, -0.36672232, 1.0417612, -0.97922134, 0.13499448, -0.03352888, 0.9966393, -0.074622095, 0.033546258, 0.003789508
-0.64111173, -0.3607755, 1.041421, -0.9913072, 0.1559365, -0.030963762, 0.9966353, -0.07442501, 0.034126613, 0.0035120265
-0.6434817, -0.3553962, 1.0411117, -0.9748822, 0.17572576, -0.029656438, 0.99660677, -0.07417564, 0.035474457, 0.003536163
-0.65237397, -0.3522846, 1.0387975, -0.9664191, 0.19426166, -0.037469193, 0.99658936, -0.07396998, 0.03638866, 0.0034490551
-0.6593013, -0.3510939, 1.0384326, -0.9556916, 0.20811942, -0.036018886, 0.996581, -0.07359312, 0.037371498, 0.0034177734
-0.66592175, -0.34981674, 1.0380822, -0.94451743, 0.2218259, -0.034655277, 0.99656653, -0.073267914, 0.03838569, 0.0033847678
-0.67309535, -0.3464345, 1.0377083, -0.9320166, 0.23917286, -0.033090852, 0.9965394, -0.07296853, 0.039641723, 0.0033666175
-0.6832651, -0.3454907, 1.0373787, -0.92539895, 0.25161594, -0.033748593, 0.9965277, -0.07247623, 0.040826965, 0.0033092485
-0.68900394, -0.34008527, 1.0391276, -0.91317874, 0.26797336, -0.021599425, 0.99650025, -0.0719343, 0.04242201, 0.0033231012
-0.6901077, -0.33733496, 1.0389199, -0.89444894, 0.2825453, -0.02010341, 0.9964603, -0.071386226, 0.04424329, 0.0033693025
-0.70463306, -0.33650613, 1.0387378, -0.8926891, 0.29441208, -0.0174274, 0.9964481, -0.07073781, 0.045554202, 0.0031925938
-0.71264994, -0.3290304, 1.0385559, -0.88247234, 0.3143462, -0.016345955, 0.9964097, -0.07028394, 0.047079455, 0.00306692
-0.7140397, -0.32876927, 1.0356517, -0.8630604, 0.32697824, -0.031187024, 0.99635667, -0.069884524, 0.048765916, 0.003067922
-0.72307533, -0.32545933, 1.0353394, -0.854024, 0.3407985, -0.031276032, 0.9963286, -0.0694506, 0.04995292, 0.0029640773
-0.7299704, -0.3245057, 1.0350378, -0.8420115, 0.35153428, -0.030266004, 0.9963103, -0.068981454, 0.050959777, 0.0028955217
-0.739455, -0.3188481, 1.0347337, -0.8332742, 0.36799788, -0.029463215, 0.9962914, -0.06868222, 0.051735364, 0.0027738905
-0.74513197, -0.31291384, 1.036556, -0.82030255, 0.38274986, -0.01744493, 0.9962827, -0.06823961, 0.052484144, 0.0027566785
-0.7463855, -0.31416866, 1.0363808, -0.8013207, 0.38955283, -0.019469943, 0.9962802, -0.06771487, 0.053200494, 0.0028549274
-0.75878066, -0.30613455, 1.0361739, -0.79654634, 0.40804848, -0.020245837, 0.99628145, -0.06753984, 0.053410295, 0.0026540752
-0.76681083, -0.3006639, 1.0359672, -0.7861442, 0.42313844, -0.020290293, 0.99628574, -0.067171335, 0.05379645, 0.0025794753
-0.7680414, -0.29751655, 1.0357687, -0.76698416, 0.43525404, -0.019333316, 0.99628025, -0.06672378, 0.054449134, 0.0026250011
-0.7734533, -0.2961419, 1.0365905, -0.753751, 0.44389355, -0.013640714, 0.9962861, -0.06619699, 0.054982267, 0.0026348254
-0.7784257, -0.28831297, 1.0364438, -0.73967105, 0.4613078, -0.013878587, 0.9962623, -0.06597527, 0.05567768, 0.0025804332
-0.785645, -0.2804753, 1.036295, -0.7285181, 0.47841123, -0.014224845, 0.9962346, -0.06573313, 0.05646022, 0.0024519283
-0.7925298, -0.27487904, 1.0361531, -0.7168376, 0.49250913, -0.013703021, 0.9962166, -0.065329626, 0.057243753, 0.0023755755
-0.79726326, -0.27185735, 1.0348591, -0.7020565, 0.5038526, -0.020533621, 0.9961835, -0.06495758, 0.058236655, 0.0023343337
-0.79577786, -0.26665398, 1.034642, -0.67986554, 0.5169175, -0.021712186, 0.99614096, -0.06459815, 0.059350975, 0.0023980932
-0.8099544, -0.2608131, 1.0344266, -0.6776843, 0.53030133, -0.022324089, 0.99614084, -0.064214915, 0.059776437, 0.0021498099
-0.81355846, -0.25332558, 1.0341953, -0.6618263, 0.54585934, -0.022139613, 0.9961204, -0.06386254, 0.060493186, 0.0020832783
-0.8217305, -0.25008604, 1.0339818, -0.65194815, 0.55559, -0.022364026, 0.9961373, -0.06327835, 0.06083087, 0.0019677063
-0.8213992, -0.24274306, 1.0346345, -0.63159627, 0.56990045, -0.017300762, 0.99613863, -0.06274991, 0.06135416, 0.0019828815
-0.8234172, -0.24006304, 1.0344601, -0.6141653, 0.5784495, -0.018228417, 0.99616265, -0.062057838, 0.06166761, 0.001985166
-0.82960904, -0.22838716, 1.0342622, -0.6020591, 0.5981655, -0.018358454, 0.99618423, -0.061643265, 0.061741788, 0.0017540803
-0.833854, -0.2235885, 1.0340753, -0.58776206, 0.60876405, -0.019302662, 0.9962142, -0.060912192, 0.061986182, 0.0016220289
-0.83808583, -0.21895936, 1.0331879, -0.5732087, 0.6193779, -0.02389666, 0.99624807, -0.060219552, 0.06212244, 0.0014602627
-0.8398162, -0.21005653, 1.0329361, -0.55592436, 0.63472354, -0.024509305, 0.9962693, -0.059614792, 0.06237045, 0.0012687311
-0.8457335, -0.20098571, 1.0326867, -0.54402244, 0.6499666, -0.024127249, 0.99629736, -0.05891183, 0.06259368, 0.0009880078
-0.8453696, -0.20152068, 1.0324572, -0.52435243, 0.6528469, -0.024128148, 0.99633, -0.057810172, 0.06309948, 0.00095759926
-0.8497871, -0.19565067, 1.030715, -0.51012844, 0.66439354, -0.033536777, 0.99636835, -0.056950163, 0.06328056, 0.00065511407
-0.8520398, -0.18065375, 1.0303531, -0.49409398, 0.68612236, -0.034620255, 0.9964094, -0.05614554, 0.06335479, 0.0002698384
-0.8562095, -0.18132877, 1.0300245, -0.48068404, 0.687699, -0.034540776, 0.9964879, -0.054726664, 0.063362546, 8.0578015e-5
-0.86005104, -0.17722437, 1.0296807, -0.46710446, 0.69490665, -0.03543041, 0.9965404, -0.0535556, 0.06353712, -0.00018952387
-0.86027396, -0.1662558, 1.0293119, -0.4487399, 0.71076417, -0.03440165, 0.99656206, -0.052774116, 0.06384943, -0.00049809215
-0.8626943, -0.15574545, 1.0322776, -0.43371108, 0.7233593, -0.015361381, 0.9966267, -0.051658835, 0.063750125, -0.00078257546
-0.8696673, -0.15309353, 1.0321417, -0.42445794, 0.727723, -0.014653117, 0.9966862, -0.050675355, 0.0636042, -0.0010237765
-0.8722013, -0.1465513, 1.0319937, -0.40975928, 0.73679817, -0.01476185, 0.9967347, -0.0498273, 0.06351158, -0.0012024997
-0.872851, -0.13552716, 1.0318332, -0.39272073, 0.7513731, -0.014108865, 0.9967732, -0.049078375, 0.063486665, -0.0014105947
-0.8752949, -0.12961248, 1.0308942, -0.37772134, 0.75965536, -0.017914409, 0.9968243, -0.048198473, 0.063353874, -0.0015605114
-0.87557346, -0.12753054, 1.0307232, -0.36078426, 0.762322, -0.017629609, 0.9968837, -0.04702582, 0.06329958, -0.0016363903
-0.88011014, -0.112286255, 1.0305276, -0.3495039, 0.781038, -0.018280355, 0.99692094, -0.04625967, 0.063265674, -0.002049166
-0.8800883, -0.10646237, 1.0303471, -0.332476, 0.78779644, -0.017568165, 0.9969732, -0.045023423, 0.06332779, -0.0022269804
-0.8803852, -0.10821844, 1.0281506, -0.3149474, 0.7859131, -0.029663581, 0.99702084, -0.043628506, 0.06355254, -0.0022681714
-0.882435, -0.09097131, 1.0278299, -0.3010346, 0.80620414, -0.030425603, 0.99706036, -0.042730868, 0.063525036, -0.0026979519
-0.88439506, -0.083081916, 1.0275297, -0.28700167, 0.8144884, -0.029389655, 0.9971101, -0.041473255, 0.06356414, -0.0029891205
-0.88911206, -0.081891626, 1.0272579, -0.27687353, 0.8138286, -0.029189507, 0.9971761, -0.039901465, 0.063524306, -0.0032134284
-0.8915909, -0.071793176, 1.0269488, -0.26425308, 0.8239151, -0.031448863, 0.99723953, -0.038566094, 0.06333372, -0.003585585
-0.8920527, -0.06655899, 1.0271268, -0.24934492, 0.8274651, -0.028675267, 0.99730366, -0.037007395, 0.06323809, -0.0038446595
-0.8927003, -0.06125217, 1.0268489, -0.23440664, 0.83112353, -0.027472818, 0.9973732, -0.035449635, 0.063017465, -0.0040947045
-0.89298314, -0.05121729, 1.0265665, -0.2193493, 0.840261, -0.027474983, 0.99743, -0.03413875, 0.0628207, -0.0044161133
-0.89338225, -0.043192647, 1.0262878, -0.2047171, 0.846487, -0.027686322, 0.9974787, -0.0328691, 0.06270534, -0.004677947
-0.89384013, -0.033108484, 1.025988, -0.1901648, 0.85504484, -0.0266452, 0.997527, -0.03169903, 0.06251571, -0.004983345
-0.89410245, -0.024809154, 1.0257215, -0.17571048, 0.86097664, -0.026203195, 0.99757713, -0.030478697, 0.062301442, -0.0052385363
-0.89439285, -0.019111909, 1.025467, -0.16148815, 0.8633643, -0.025328904, 0.9976167, -0.02922269, 0.06225067, -0.005453154
-0.8942859, -0.011307932, 1.0252217, -0.14680077, 0.86816764, -0.023392027, 0.99765635, -0.027868243, 0.062217496, -0.0056678643
-0.8964053, 0.0009627414, 1.0249863, -0.13521442, 0.8780663, -0.022286583, 0.9976885, -0.02661991, 0.06221612, -0.006019851
-0.89631563, 0.005789413, 1.0240604, -0.12060938, 0.87874836, -0.025674943, 0.9977242, -0.025041133, 0.06228165, -0.006194065
-0.896197, 0.015428474, 1.0238017, -0.10659174, 0.88471323, -0.025250314, 0.99776125, -0.023456616, 0.062279448, -0.0064440845
-0.8963408, 0.027221166, 1.0235523, -0.09287181, 0.8930238, -0.023129335, 0.9977913, -0.022039443, 0.062290963, -0.006685274
-0.89669776, 0.025513716, 1.0233504, -0.07978148, 0.88411766, -0.021572834, 0.99783754, -0.020101838, 0.062207434, -0.0066657793
-0.89663714, 0.035801202, 1.0253721, -0.06793173, 0.8886946, -0.0091216955, 0.9978827, -0.018473392, 0.061958086, -0.006926967
-0.8970409, 0.040504344, 1.0252917, -0.055309318, 0.8870699, -0.008177308, 0.9979189, -0.01673998, 0.061852273, -0.0070686713
-0.8971206, 0.04970052, 1.0252244, -0.04214807, 0.8907774, -0.0049694544, 0.99795264, -0.015024186, 0.06171662, -0.007341976
-0.89691556, 0.065695725, 1.0251669, -0.029012425, 0.90249383, -0.0036991655, 0.99797773, -0.013510803, 0.06160993, -0.007759966
-0.89696544, 0.070923164, 1.0269476, -0.017738178, 0.8995376, 0.0071515683, 0.99800974, -0.01152438, 0.061467808, -0.007962338
-0.8967972, 0.077780575, 1.027029, -0.005052425, 0.8990795, 0.008647428, 0.9980323, -0.009684787, 0.06139008, -0.008186194
-0.8960687, 0.09865126, 1.0271012, 0.008188348, 0.9156809, 0.009534477, 0.99803615, -0.008382418, 0.061449356, -0.00869295
-0.89585906, 0.09882449, 1.027218, 0.020524688, 0.90607643, 0.010932532, 0.9980429, -0.0063728886, 0.061582357, -0.008681984
-0.89506584, 0.1090163, 1.0273378, 0.03457242, 0.9076321, 0.011157733, 0.99803776, -0.004475301, 0.061804943, -0.008877157
-0.8942224, 0.11801704, 1.0272704, 0.04743842, 0.9083896, 0.009906387, 0.9980203, -0.0027280883, 0.062163174, -0.009047533
-0.8936009, 0.12224958, 1.0273774, 0.059840024, 0.90279174, 0.01025824, 0.9980022, -0.00069664884, 0.06250962, -0.009040786
-0.89253443, 0.13776952, 1.0274758, 0.07287398, 0.9108953, 0.011374217, 0.99797857, 0.0010254753, 0.06284054, -0.009315663
-0.8895323, 0.14610818, 1.0275848, 0.08810016, 0.90970147, 0.011216253, 0.9979475, 0.0030992515, 0.06325182, -0.009398557
-0.88895655, 0.1495218, 1.0266728, 0.100671776, 0.90225464, 0.0048918626, 0.9979132, 0.005415251, 0.06364021, -0.009375687
-0.8883332, 0.15752392, 1.0267222, 0.11263575, 0.8997975, 0.0045324895, 0.9978776, 0.00766286, 0.06395084, -0.00948325
-0.8853444, 0.17211626, 1.0267543, 0.12750724, 0.9051933, 0.003904536, 0.99783874, 0.009802936, 0.064230174, -0.009710745
-0.88290435, 0.17753792, 1.0267894, 0.14142486, 0.89871323, 0.002721503, 0.9977954, 0.01232915, 0.064462535, -0.00974518
-0.8823158, 0.18354209, 1.0272605, 0.15251794, 0.8923726, 0.003876936, 0.9977548, 0.014781658, 0.064558834, -0.009848725
-0.8818691, 0.19193548, 1.0272955, 0.16358489, 0.88870203, 0.0025151854, 0.9977054, 0.016982935, 0.064757936, -0.009998852
-0.8778129, 0.19757412, 1.0273169, 0.17932968, 0.88130355, 0.0021392715, 0.99765515, 0.01932451, 0.06486955, -0.01003219
-0.8771606, 0.21269186, 1.0273271, 0.19035368, 0.8852302, 0.0005248082, 0.9976175, 0.021353824, 0.06477111, -0.010299579
-0.87716, 0.21631528, 1.0273359, 0.20037217, 0.87444276, -0.0008974652, 0.9975598, 0.023775782, 0.06480876, -0.010343003
-0.8700527, 0.2225727, 1.030364, 0.21753347, 0.86634743, 0.014266263, 0.997496, 0.026224839, 0.064852856, -0.010296699
-0.86971784, 0.2354591, 1.0305009, 0.22765805, 0.866324, 0.01288862, 0.9974427, 0.028272927, 0.06476677, -0.010579601
-0.86964446, 0.2394386, 1.0306343, 0.23737052, 0.8548197, 0.012134143, 0.99738044, 0.030620098, 0.06464587, -0.010660296
-0.8674828, 0.24311283, 1.030756, 0.2496357, 0.8426761, 0.011367211, 0.9973022, 0.032960746, 0.06470389, -0.010649623
-0.864506, 0.25370285, 1.0320185, 0.2621518, 0.8387085, 0.01734685, 0.9972257, 0.035205126, 0.06467706, -0.010785559
-0.8620774, 0.25765213, 1.0321863, 0.27433372, 0.8262755, 0.015688123, 0.9971339, 0.03758868, 0.06475377, -0.010769375
-0.86176693, 0.25980678, 1.0323449, 0.28369486, 0.8112233, 0.014489238, 0.9970388, 0.03997239, 0.06479752, -0.010732109
-0.85383236, 0.2840419, 1.0324621, 0.30263847, 0.82346886, 0.012345164, 0.99694747, 0.04143118, 0.06521313, -0.011159315
-0.85350984, 0.2818124, 1.0325862, 0.31162277, 0.8023578, 0.010244096, 0.9968376, 0.043810062, 0.0653708, -0.010962334
-0.845879, 0.2908169, 1.0350579, 0.32836774, 0.79534626, 0.01990169, 0.99672925, 0.045754317, 0.06570124, -0.010893454
-0.847238, 0.29569766, 1.0352557, 0.33489227, 0.7825272, 0.01763421, 0.9966284, 0.047742195, 0.06582848, -0.010823969
-0.84628695, 0.3028603, 1.035427, 0.34435487, 0.7723409, 0.015455628, 0.996522, 0.049593836, 0.06607046, -0.010816752
-0.84398293, 0.30078042, 1.0355725, 0.35551226, 0.7505425, 0.012937394, 0.9963987, 0.051781252, 0.06629267, -0.010568535
-0.84107476, 0.3100995, 1.0362546, 0.36680812, 0.74290645, 0.012370994, 0.99629134, 0.053563293, 0.06647906, -0.010635571
-0.83618516, 0.32351828, 1.0363626, 0.38095886, 0.739953, 0.009477985, 0.9961909, 0.05521875, 0.06660007, -0.010819779
-0.8298835, 0.32601538, 1.0364336, 0.39677626, 0.72329867, 0.0059277243, 0.9960684, 0.057282176, 0.06670402, -0.010726806
-0.82961166, 0.33110252, 1.036485, 0.4045794, 0.7095611, 0.0025951425, 0.99597144, 0.059137896, 0.0665346, -0.010710777
-0.8248901, 0.33390135, 1.038434, 0.41676602, 0.693479, 0.009115134, 0.99586886, 0.060995173, 0.06641766, -0.010564428
-0.82253027, 0.3413649, 1.0385174, 0.4270782, 0.6822312, 0.0067753647, 0.9957685, 0.06268609, 0.0663385, -0.010618321
-0.8183241, 0.3445072, 1.0385664, 0.4395379, 0.665611, 0.0033025066, 0.995656, 0.06447475, 0.06632038, -0.010571339
-0.8111962, 0.35472247, 1.0385803, 0.45628127, 0.65551305, -0.0001834889, 0.9955428, 0.066196166, 0.06630743, -0.010671954
-0.8092603, 0.35770288, 1.0385673, 0.46543646, 0.63829553, -0.0033667004, 0.99542946, 0.06798994, 0.06619909, -0.010642045
-0.80487764, 0.36302242, 1.038723, 0.47745103, 0.6239804, -0.0060408097, 0.99532324, 0.06965687, 0.06605813, -0.010669948
-0.8047242, 0.36836562, 1.0386543, 0.4838829, 0.60945904, -0.009585783, 0.99521893, 0.071318515, 0.06585671, -0.010673998
-0.800509, 0.3737207, 1.0385438, 0.49555156, 0.59474665, -0.012799705, 0.9951086, 0.07293514, 0.06574524, -0.01071803
-0.79468995, 0.3724122, 1.038392, 0.50925684, 0.5716286, -0.015672544, 0.99497926, 0.07480151, 0.06563285, -0.010553592
-0.79235137, 0.38254124, 1.0383111, 0.5180042, 0.562631, -0.018157866, 0.9948892, 0.076182544, 0.06538171, -0.010719588
-0.79084253, 0.37946472, 1.038111, 0.5256574, 0.5372357, -0.021814924, 0.99477434, 0.077966236, 0.065061234, -0.010505845
-0.7805649, 0.3875034, 1.0378692, 0.54447013, 0.5254295, -0.024959678, 0.99467564, 0.079235904, 0.0650218, -0.010596364
-0.7746277, 0.39142543, 1.0376015, 0.55748224, 0.50840807, -0.028072517, 0.9945933, 0.080534905, 0.06469078, -0.010550667
-0.7747843, 0.39392844, 1.0373133, 0.5621785, 0.48984942, -0.03214848, 0.99452114, 0.08175148, 0.06428795, -0.010464429
-0.76908225, 0.40111083, 1.0357308, 0.5750965, 0.47614875, -0.042230222, 0.99445665, 0.0826476, 0.06412896, -0.010525874
-0.75502396, 0.40404323, 1.0352737, 0.59809583, 0.45779434, -0.045250934, 0.9943913, 0.083479814, 0.06408139, -0.010422117
-0.75576615, 0.4050263, 1.0348207, 0.60163736, 0.4371743, -0.0476491, 0.99436736, 0.084260225, 0.06346491, -0.010195946
-0.7478736, 0.40610325, 1.034321, 0.6162323, 0.4166914, -0.05022411, 0.9943241, 0.084980205, 0.063207805, -0.010040307
-0.74592924, 0.40873876, 1.0352498, 0.62202805, 0.39925623, -0.04488059, 0.99430823, 0.08559314, 0.06265268, -0.009883357
-0.74459887, 0.411389, 1.0348024, 0.6277628, 0.38083246, -0.04634894, 0.9942734, 0.08642644, 0.06205838, -0.009881465
-0.7332869, 0.40947285, 1.034311, 0.6463947, 0.35666758, -0.047761858, 0.9941945, 0.08752967, 0.061781194, -0.009848332
-0.726763, 0.41295278, 1.0338266, 0.65838164, 0.3393156, -0.049149137, 0.9941505, 0.08842946, 0.061190482, -0.009932499
-0.7149302, 0.41952765, 1.0340296, 0.676477, 0.32629356, -0.04724464, 0.9941006, 0.08925661, 0.060758285, -0.010185715
-0.70943385, 0.42414367, 1.0335584, 0.68656856, 0.3102866, -0.04803328, 0.99406046, 0.09019815, 0.059989627, -0.010362723
-0.7087179, 0.4225282, 1.0330813, 0.6903272, 0.2866963, -0.04861838, 0.9940229, 0.09117735, 0.05913639, -0.010297852
-0.7014214, 0.42532346, 1.0325948, 0.7023914, 0.268356, -0.048502192, 0.99398816, 0.09195538, 0.058491413, -0.010416102
-0.6947738, 0.42401457, 1.0320951, 0.7132602, 0.24531147, -0.049806926, 0.9939615, 0.092744, 0.057685107, -0.010462581
-0.6883723, 0.42515594, 1.0313556, 0.7235473, 0.22525306, -0.052750878, 0.9939633, 0.093280554, 0.056756034, -0.010598665
-0.6816404, 0.43087935, 1.030833, 0.7337929, 0.21101254, -0.053381063, 0.9939958, 0.09356418, 0.05566028, -0.010866678
-0.67143756, 0.42821124, 1.0302763, 0.74834317, 0.18656121, -0.05447153, 0.9940104, 0.09399885, 0.054646794, -0.010924144
-0.6694729, 0.42781052, 1.029741, 0.7518662, 0.16518612, -0.054572042, 0.9940609, 0.094243936, 0.05328415, -0.010944491
-0.66559446, 0.4275296, 1.0284625, 0.7580059, 0.14343244, -0.05823995, 0.99410594, 0.09449998, 0.05196715, -0.010982784
-0.6555617, 0.42708737, 1.0278741, 0.7713774, 0.12207271, -0.057685934, 0.99414283, 0.09472076, 0.050823003, -0.011091788
-0.6473213, 0.4286991, 1.0273019, 0.78199893, 0.10347373, -0.056715164, 0.9941886, 0.09495049, 0.04945155, -0.011222966
-0.6395209, 0.42817345, 1.0267382, 0.7917369, 0.08232819, -0.055284664, 0.9942238, 0.095214, 0.048194118, -0.01134786
-0.63141227, 0.42777294, 1.0261848, 0.80141443, 0.061636794, -0.054600917, 0.99427015, 0.0953943, 0.04681305, -0.011545377
-0.62530464, 0.4276873, 1.0241568, 0.80866885, 0.03863114, -0.06215261, 0.9943163, 0.09559623, 0.04535212, -0.011733838
-0.61555463, 0.42767546, 1.0235285, 0.8195476, 0.019094257, -0.062571384, 0.9943763, 0.09563053, 0.043890864, -0.011921282
-0.6188996, 0.42603102, 1.0229341, 0.81325924, -0.002015173, -0.061290517, 0.9944721, 0.09551428, 0.04195017, -0.0118515
-0.60965925, 0.42029816, 1.0223018, 0.822976, -0.028216522, -0.060845733, 0.9945523, 0.095322944, 0.040460724, -0.011843065
-0.5961014, 0.4220213, 1.0199127, 0.83870524, -0.047076333, -0.06869916, 0.9946499, 0.09480854, 0.03916801, -0.01211748
-0.5956706, 0.4215919, 1.019259, 0.8361888, -0.066182196, -0.06544956, 0.9948009, 0.09402338, 0.037173927, -0.012118876
-0.59100795, 0.41937298, 1.0186149, 0.8386721, -0.08687862, -0.0642066, 0.99495536, 0.09310154, 0.035319936, -0.012101841
-0.5800928, 0.41073704, 1.0179508, 0.84905696, -0.11542178, -0.06235245, 0.9950951, 0.09223122, 0.033663906, -0.011997322
-0.57984215, 0.41627973, 1.0153602, 0.84589726, -0.12767266, -0.07048755, 0.9952832, 0.09086099, 0.031742264, -0.012087911
-0.57064205, 0.41482806, 1.01467, 0.85310715, -0.14654163, -0.06712511, 0.99546117, 0.089487694, 0.030018745, -0.012079079
-0.5613675, 0.411325, 1.0140016, 0.85995245, -0.16719791, -0.065091126, 0.9956326, 0.088111624, 0.028392501, -0.011996623
-0.55603164, 0.41243112, 1.0133847, 0.8612432, -0.1816982, -0.06155731, 0.9958216, 0.08649564, 0.026707776, -0.011943818
-0.55051696, 0.40900564, 1.0127956, 0.86260885, -0.20149547, -0.056720875, 0.9959913, 0.08501714, 0.025147958, -0.011793317
-0.53896016, 0.4036605, 1.0096825, 0.8726489, -0.22586553, -0.06552922, 0.9961133, 0.08387861, 0.024143003, -0.011739886
-0.54025507, 0.40072212, 1.0090696, 0.8645919, -0.24366526, -0.060412895, 0.99627113, 0.08247101, 0.02257472, -0.011433413
-0.5390069, 0.40116048, 1.008516, 0.85947615, -0.2569415, -0.055008084, 0.9964258, 0.0809869, 0.021150574, -0.011285592
-0.52253807, 0.39483175, 1.0079569, 0.8738582, -0.27864617, -0.050864924, 0.9965347, 0.079878576, 0.020211402, -0.011292584
-0.5195457, 0.39122453, 1.0055584, 0.871235, -0.29752442, -0.05740627, 0.9966453, 0.07885411, 0.018847963, -0.0110880565
-0.51812494, 0.38985676, 1.005026, 0.8655362, -0.3115488, -0.052260846, 0.99677455, 0.0775885, 0.017302822, -0.010916919
-0.50336605, 0.38206553, 1.0045078, 0.8769319, -0.3338274, -0.046540115, 0.99687845, 0.07646222, 0.016321292, -0.010884217
-0.4952553, 0.3792421, 1.0040762, 0.8792947, -0.34915927, -0.040428728, 0.9970073, 0.07501011, 0.015238162, -0.01075607
-0.4864473, 0.3756722, 1.0036976, 0.88229436, -0.36480546, -0.035231855, 0.99714845, 0.07334403, 0.014156497, -0.010643001
-0.4916223, 0.37116256, 1.003043, 0.8673578, -0.38074812, -0.031601842, 0.9973127, 0.07143595, 0.012611151, -0.010161156
-0.47730917, 0.35889193, 1.0027125, 0.87728673, -0.40611652, -0.027964901, 0.99746346, 0.069484994, 0.011762254, -0.009905271
-0.47567913, 0.36265194, 1.0024891, 0.8701263, -0.4102109, -0.024093546, 0.99767196, 0.066682465, 0.010380491, -0.009710154
-0.47427145, 0.3530478, 1.0022688, 0.8629661, -0.4304963, -0.018754346, 0.9978485, 0.06426883, 0.008967538, -0.0092485845
-0.4641756, 0.34811658, 1.0016754, 0.8667573, -0.44543234, -0.012577518, 0.99802643, 0.061611075, 0.007874404, -0.009130148
-0.46681672, 0.3496411, 1.0016189, 0.8535967, -0.45044038, -0.004696167, 0.99821967, 0.05863408, 0.006349177, -0.0087906625
-0.44968817, 0.3376702, 1.0015756, 0.86608344, -0.47252327, 0.0026565744, 0.9983677, 0.056165885, 0.0056015216, -0.0086019635
-0.44968224, 0.33233765, 1.001646, 0.85606813, -0.4845774, 0.00930714, 0.99852395, 0.053507064, 0.0043168366, -0.008136335
-0.44149828, 0.3272988, 0.99881047, 0.85711706, -0.49830613, -0.00062892906, 0.9986557, 0.051107265, 0.0035433653, -0.0077680005
-0.43024206, 0.31985572, 0.9988237, 0.86128956, -0.51208097, 0.005058575, 0.99878293, 0.048635364, 0.0029419013, -0.007525272
-0.43207845, 0.3145757, 0.99891603, 0.8484328, -0.5218547, 0.011133462, 0.99891216, 0.046032593, 0.0019513288, -0.007047403
-0.4225945, 0.31175783, 0.999059, 0.8499671, -0.52834535, 0.016287565, 0.9990348, 0.043333936, 0.0013707847, -0.0069043245
-0.41349563, 0.30265304, 0.99923164, 0.85108095, -0.5420342, 0.020916581, 0.99914217, 0.040841892, 0.00088885805, -0.0066380077
-0.4101731, 0.2999771, 0.999311, 0.84338486, -0.54705274, 0.026361711, 0.99927205, 0.037591763, 7.547408e-5, -0.0063418937
-0.4033872, 0.29817158, 0.9996161, 0.8411124, -0.55014306, 0.032636754, 0.99938416, 0.03450873, -0.0006088515, -0.0061735716
-0.39917588, 0.28564113, 0.99995315, 0.8357701, -0.5658865, 0.03766069, 0.9994804, 0.031645432, -0.0014678572, -0.005766949
-0.39712548, 0.2841647, 1.0003663, 0.8271834, -0.5667019, 0.04131899, 0.9995829, 0.028209649, -0.0024604783, -0.005495449
-0.39094827, 0.28052136, 1.0008801, 0.8238879, -0.5696786, 0.045260657, 0.9996715, 0.024808658, -0.0033868733, -0.0052865166
-0.38073426, 0.26552933, 1.0013305, 0.8260161, -0.5865626, 0.04896765, 0.99973947, 0.021820432, -0.0042584897, -0.0049787303
-0.3830235, 0.26775986, 1.0018688, 0.81127316, -0.5802605, 0.05350746, 0.999805, 0.018281432, -0.0056935507, -0.0046169227
-0.37650698, 0.26304036, 1.0024301, 0.80800104, -0.58252674, 0.057982847, 0.99985194, 0.01517266, -0.006714085, -0.0043374975
-0.37202907, 0.25792137, 1.004147, 0.80185866, -0.5839238, 0.067674994, 0.99988616, 0.012181889, -0.0077933315, -0.0040726457
-0.36525375, 0.25246128, 1.0048312, 0.7986787, -0.5858305, 0.06881761, 0.9999096, 0.00946041, -0.008645305, -0.0038115084
-0.36280373, 0.24457672, 1.0055356, 0.789837, -0.5900868, 0.07232255, 0.9999226, 0.0069830534, -0.009628168, -0.0033773102
-0.35348153, 0.2406234, 1.0062835, 0.7896524, -0.589062, 0.076581046, 0.9999305, 0.004545606, -0.010320735, -0.0031393904
-0.34833437, 0.23222981, 1.0070552, 0.7841167, -0.59305125, 0.07859503, 0.99993175, 0.0023881607, -0.011007881, -0.0027569646
-0.34473908, 0.22814868, 1.0087154, 0.7763484, -0.5906636, 0.085670985, 0.99992704, 0.00016832391, -0.011734399, -0.0024846466
-0.3413194, 0.22009796, 1.0095838, 0.7684363, -0.5932733, 0.088423446, 0.99991953, -0.0018914614, -0.012292101, -0.0020783548
-0.33783388, 0.21450719, 1.0104734, 0.7605802, -0.5923137, 0.0891182, 0.9999075, -0.00411928, -0.0127757825, -0.0016788668
-0.3320631, 0.20919123, 1.0113658, 0.7557007, -0.59067404, 0.08904087, 0.9998911, -0.0064929235, -0.013115174, -0.0013000057
-0.32596964, 0.20426676, 1.0121608, 0.7511919, -0.58813363, 0.089142404, 0.99986815, -0.008992488, -0.013413012, -0.00095672946
-0.32005134, 0.19743383, 1.0130496, 0.7465475, -0.5875678, 0.08878861, 0.99983877, -0.0116513455, -0.01357549, -0.0005729181
-0.3165405, 0.19452542, 1.0139349, 0.73873556, -0.5814017, 0.087389946, 0.99979675, -0.014596881, -0.013831579, -0.00017958273
-0.31061146, 0.18708223, 1.0148033, 0.7342096, -0.5806444, 0.08665888, 0.99974996, -0.017246006, -0.014165292, 0.00015930888
-0.30718586, 0.18161151, 1.0156765, 0.7263238, -0.57669795, 0.08777909, 0.9996948, -0.019892266, -0.0145718595, 0.0005214042
-0.30198425, 0.17353544, 1.0159231, 0.7208545, -0.57589346, 0.08309176, 0.9996367, -0.022306055, -0.015036322, 0.00090250885
-0.30330256, 0.17336479, 1.0167506, 0.7067633, -0.5641911, 0.08134321, 0.99956506, -0.02482072, -0.01581477, 0.0012366554
-0.29604355, 0.16852987, 1.0175619, 0.70393, -0.5583393, 0.08073293, 0.9995041, -0.02680622, -0.016401527, 0.0014196773
-0.29720223, 0.16772048, 1.0183659, 0.69000214, -0.5468222, 0.07929827, 0.99943185, -0.028827976, -0.01732292, 0.0016773489
-0.29535273, 0.15824383, 1.0217785, 0.68051594, -0.5463045, 0.091607556, 0.99936926, -0.030451471, -0.018140158, 0.0016620795
-0.28766888, 0.15054505, 1.0226834, 0.67823195, -0.5434143, 0.089596726, 0.9993133, -0.031931438, -0.018660594, 0.001782915
-0.27961928, 0.15098475, 1.0235692, 0.67620367, -0.5297695, 0.08689651, 0.999251, -0.033595435, -0.01906039, 0.0018810014
-0.27947074, 0.14718843, 1.0244237, 0.6639218, -0.5213232, 0.08413934, 0.9991925, -0.03498171, -0.019598199, 0.002122811
-0.27649176, 0.1434521, 1.0266476, 0.6556568, -0.5128613, 0.08818752, 0.99913913, -0.036346283, -0.019826438, 0.0021948647
-0.2755871, 0.13542874, 1.0275117, 0.6445663, -0.5096717, 0.085044436, 0.99909425, -0.037482586, -0.019936386, 0.002500666
-0.2705304, 0.1273121, 1.0283437, 0.6390304, -0.5065385, 0.08153748, 0.999055, -0.038613867, -0.019714909, 0.0027178153
-0.26322904, 0.1253077, 1.0291398, 0.63644445, -0.49534652, 0.07750577, 0.9990099, -0.03992918, -0.019350318, 0.0029051236
